cisco_ifwd_sender,64.3,66.1,18.7,146.0,118.0,59.1,59.8,59.5,52.1,58.3,10.8,24.7,59.3,59.5,59.1,41.3,26.5,66.9,66.4,62.1,33.3,59.7,60.4,9.58,66.2,66.4,26.9,133.0,59.7,36.4,22.0,160.0
cisco_ifwd_receiver,64.1,65.9,18.7,145.0,117.0,59.0,59.5,59.2,52.0,58.1,10.8,24.6,59.0,59.2,58.9,41.2,26.4,66.7,66.3,62.0,33.2,59.5,60.2,9.55,66.0,66.2,26.8,132.0,59.4,36.3,22.0,159.0
cisco_ifwd_sender,52.3,52.7,31.7,63.7,49.5,75.0,73.5,75.1,75.8,62.6,66.8,73.9,63.1,58.0,43.4,37.5,62.6,75.4,74.9,72.7,72.8,62.0,43.4,63.9,32.0,61.3,75.4,40.4,74.3,31.8,46.9,63.3
cisco_ifwd_receiver,52.1,52.6,31.6,63.6,49.3,74.7,73.3,75.0,75.5,62.4,66.5,73.6,62.8,57.8,43.4,37.3,62.4,75.1,74.7,72.6,72.6,61.8,43.3,63.7,31.9,61.2,75.2,40.3,74.2,31.7,46.8,63.2
cisco_ifwd_sender,67.8,72.1,25.7,122.0,19.5,38.0,39.4,74.5,44.9,68.6,30.7,63.3,94.7,49.8,71.8,70.7,39.0,54.0,154.0,42.2,34.7,37.1,18.3,46.2,165.0,31.0,35.4,64.8,63.0,60.5,42.6,66.5
cisco_ifwd_receiver,67.4,71.8,25.6,122.0,19.4,37.9,39.3,74.1,44.8,68.4,30.6,63.0,94.3,49.6,71.6,70.5,38.8,53.8,153.0,42.0,34.6,36.9,18.3,46.0,164.0,31.0,35.3,64.5,62.8,60.3,42.3,66.4
cisco_ifwd_sender,75.2,69.7,61.2,75.8,48.6,65.8,67.1,68.2,75.5,63.2,52.6,75.6,15.7,35.5,69.2,37.5,45.6,71.8,75.7,74.4,63.9,74.9,73.8,75.2,46.7,62.2,68.8,42.0,28.1,6.78,70.4,74.9
cisco_ifwd_receiver,75.0,69.5,61.0,75.6,48.4,65.5,67.0,68.0,75.3,63.1,52.4,75.4,15.6,35.3,69.0,37.3,45.5,71.4,75.5,74.2,63.6,74.7,73.7,75.1,46.6,62.1,68.5,41.8,28.0,6.76,70.2,74.7
cisco_ifwd_sender,78.0,50.2,72.1,79.5,75.4,11.5,72.2,76.8,77.2,47.5,22.7,76.0,47.0,73.7,47.7,47.8,59.3,68.2,74.0,75.3,68.4,61.7,68.3,56.3,74.4,49.5,72.1,35.2,53.3,20.6,45.6,71.7
cisco_ifwd_receiver,77.8,50.0,71.9,79.3,75.2,11.4,71.9,76.5,76.9,47.3,22.6,75.7,46.8,73.5,47.6,47.7,59.1,68.0,73.8,75.0,68.2,61.5,68.1,56.1,74.2,49.2,71.9,35.2,53.1,20.6,45.5,71.5
cisco_ifwd_sender,31.4,71.3,68.2,81.5,37.0,75.1,10.9,37.0,58.0,71.3,75.3,31.1,39.9,32.2,164.0,71.6,74.6,76.5,49.2,69.4,60.0,64.5,6.85,73.4,56.6,75.5,74.6,46.2,47.3,6.87,71.8,101.0
cisco_ifwd_receiver,31.4,71.2,68.1,81.2,36.9,74.9,10.8,36.8,57.7,71.1,75.1,31.0,39.8,32.1,163.0,71.4,74.3,76.3,49.1,69.2,59.9,64.2,6.84,73.1,56.5,75.3,74.4,46.1,47.2,6.86,71.6,100.0
cisco_ifwd_sender,101.0,50.9,25.4,43.9,47.3,73.5,152.0,65.3,51.2,55.0,71.1,9.48,70.7,61.1,38.3,39.1,74.6,74.0,74.9,73.5,65.8,65.0,9.12,67.2,62.8,74.0,63.0,75.0,22.9,59.8,68.1,23.8
cisco_ifwd_receiver,100.0,50.7,25.3,43.8,47.2,73.3,152.0,65.1,50.9,54.9,70.8,9.44,70.5,61.0,38.2,39.1,74.4,73.8,74.7,73.4,65.6,64.8,9.08,67.1,62.5,73.9,62.8,74.7,22.8,59.5,68.0,23.8
cisco_ifwd_sender,23.9,18.0,69.8,65.4,66.5,7.48,6.18,256.0,55.8,65.0,38.6,42.8,48.6,60.0,66.1,66.0,73.2,77.8,79.3,78.1,32.0,27.8,6.38,70.3,51.7,64.7,77.0,73.9,65.7,6.39,28.5,141.0
cisco_ifwd_receiver,23.9,17.9,69.6,65.3,66.2,7.45,6.14,255.0,55.7,64.8,38.5,42.7,48.4,59.7,65.9,65.8,73.0,77.6,79.0,78.0,31.9,27.8,6.36,70.1,51.5,64.6,76.8,73.7,65.6,6.38,28.4,141.0
cisco_ifwd_sender,40.3,38.4,33.2,72.8,69.0,72.7,67.6,69.3,58.5,112.0,59.6,73.6,8.57,47.4,68.4,62.8,61.1,74.2,66.6,33.5,76.2,12.2,8.59,75.6,76.2,123.0,74.4,125.0,43.9,7.04,59.0,36.0
cisco_ifwd_receiver,40.1,38.3,32.9,72.6,68.8,72.5,67.5,69.1,58.4,112.0,59.5,73.4,8.44,47.3,68.2,62.6,60.9,74.0,66.3,33.4,76.0,12.1,8.57,75.4,76.0,123.0,74.3,124.0,43.8,7.02,58.9,35.9
cisco_ifwd_sender,78.5,77.8,77.8,71.2,74.6,60.1,27.2,65.6,8.89,63.4,74.3,70.5,54.0,74.2,64.7,11.9,74.4,30.8,75.1,7.73,74.8,60.3,60.3,67.3,75.8,43.4,77.0,77.5,64.2,23.1,68.6,74.2
cisco_ifwd_receiver,78.3,77.5,77.5,71.1,74.4,60.0,27.1,65.3,8.86,63.3,74.1,70.3,53.7,74.0,64.6,11.8,74.2,30.7,74.9,7.7,74.6,60.1,60.1,67.2,75.5,43.3,76.7,77.2,64.0,23.0,68.4,74.0
cisco_ifwd_sender,63.6,86.9,45.2,37.1,69.2,12.0,53.6,58.9,49.9,49.0,58.9,56.8,50.1,16.4,43.6,202.0,125.0,69.3,67.8,9.16,73.2,73.4,7.54,72.7,74.4,75.9,43.6,62.3,69.7,6.63,73.8,47.1
cisco_ifwd_receiver,63.5,86.7,45.1,37.0,69.1,12.0,53.5,58.7,49.8,48.8,58.7,56.7,49.8,16.3,43.2,201.0,125.0,69.1,67.6,9.14,72.9,73.2,7.51,72.5,74.1,75.7,43.5,62.2,69.4,6.62,73.6,46.9
cisco_ifwd_sender,52.7,38.3,70.0,28.2,25.3,373.0,57.0,15.0,15.6,59.3,33.7,59.6,43.4,27.5,34.3,21.5,77.1,77.6,75.5,52.0,120.0,70.1,6.35,37.1,77.6,76.8,78.4,80.1,58.0,6.28,30.2,29.3
cisco_ifwd_receiver,52.6,38.2,69.7,28.1,25.2,372.0,56.9,14.9,15.6,59.1,33.6,59.4,43.3,27.4,34.2,21.4,76.8,77.4,75.3,51.8,120.0,69.8,6.33,37.0,77.3,76.6,78.1,79.7,57.8,6.27,30.1,29.2
cisco_ifwd_sender,44.9,43.3,74.2,70.1,33.0,64.6,22.2,70.4,65.3,70.9,72.9,114.0,32.3,66.0,37.1,71.7,42.1,69.7,63.5,6.69,61.4,124.0,21.6,66.1,69.7,65.9,70.4,73.0,71.6,6.46,69.5,69.8
cisco_ifwd_receiver,44.8,43.2,74.0,69.8,32.9,64.5,22.2,70.2,65.0,70.6,72.6,114.0,32.2,65.8,36.9,71.4,41.9,69.5,63.2,6.67,61.1,124.0,21.5,65.9,69.5,65.7,70.2,72.7,71.4,6.44,69.3,69.6
cisco_ifwd_sender,58.4,19.6,68.4,40.7,65.6,17.2,51.4,54.0,38.3,55.6,45.8,41.2,65.8,23.9,21.7,285.0,71.0,70.8,70.5,11.5,64.7,61.4,5.96,26.6,156.0,73.4,66.6,70.8,41.5,6.62,60.8,94.9
cisco_ifwd_receiver,58.2,19.4,68.2,40.5,65.4,17.2,51.2,53.8,38.2,55.5,45.6,41.0,65.5,23.8,21.6,284.0,70.7,70.5,70.3,11.4,64.4,61.1,5.94,26.5,155.0,73.1,66.2,70.6,41.4,6.6,60.6,94.4
cisco_ifwd_sender,18.9,33.8,44.1,71.1,63.3,17.2,16.9,7.09,13.4,9.33,63.9,63.7,74.4,63.3,127.0,267.0,70.0,74.2,73.5,72.5,32.5,33.4,8.31,43.1,133.0,67.2,70.0,73.7,7.02,5.9,133.0,55.1
cisco_ifwd_receiver,18.9,33.7,43.9,70.9,63.1,17.2,16.8,7.05,13.4,9.31,63.7,63.5,74.1,63.1,126.0,266.0,69.8,74.0,73.2,72.3,32.4,33.3,8.28,43.0,133.0,66.9,69.8,73.6,7.0,5.89,133.0,54.9
cisco_ifwd_sender,72.2,38.6,65.9,73.2,30.6,71.6,59.2,61.7,69.6,44.1,67.8,80.1,63.3,43.3,64.2,50.4,74.6,69.3,63.2,57.1,69.2,35.0,48.4,67.6,60.7,49.2,41.2,74.3,64.4,62.4,45.3,72.7
cisco_ifwd_receiver,72.0,38.5,65.7,72.9,30.4,71.3,58.9,61.5,69.4,44.0,67.6,79.6,63.0,43.2,64.1,50.3,74.5,69.1,63.0,56.8,69.0,34.9,48.3,67.5,60.4,49.1,41.1,74.1,64.1,62.3,45.2,72.4
cisco_ifwd_sender,74.6,69.0,71.1,39.3,74.3,67.9,60.5,67.9,74.6,72.2,32.6,76.5,48.9,30.2,46.1,48.4,54.9,62.5,78.4,13.7,75.7,77.9,35.3,77.7,70.3,76.9,77.7,77.6,11.6,11.4,76.0,74.8
cisco_ifwd_receiver,74.3,68.7,70.9,39.2,74.0,67.6,60.3,67.7,74.4,71.9,32.5,76.3,48.8,30.1,46.0,48.2,54.8,62.3,78.2,13.6,75.6,77.7,35.2,77.6,70.2,76.7,77.6,77.4,11.6,11.4,75.8,74.7
cisco_ifwd_sender,40.2,46.9,74.1,66.0,74.1,55.0,36.5,60.8,74.4,64.8,68.5,70.8,41.8,66.0,48.5,65.5,7.63,76.2,81.1,76.8,75.6,54.9,8.32,74.8,80.6,80.6,80.0,76.8,8.44,78.1,44.4,47.7
cisco_ifwd_receiver,40.1,46.8,73.9,65.7,73.9,54.9,36.4,60.6,74.2,64.5,68.3,70.6,41.7,65.8,48.4,65.3,7.61,76.1,80.8,76.6,75.5,54.7,8.28,74.6,80.4,80.4,79.7,76.6,8.41,77.9,44.3,47.6
cisco_ifwd_sender,74.6,127.0,76.1,72.1,43.6,42.7,70.6,26.9,52.5,38.3,42.8,46.5,74.5,60.1,75.7,31.4,59.8,77.7,58.3,70.9,67.4,78.5,7.75,82.1,69.2,69.8,78.3,78.4,7.08,7.11,79.2,62.1
cisco_ifwd_receiver,74.4,127.0,76.0,71.9,43.4,42.5,70.4,26.8,52.4,38.1,42.7,46.4,74.4,59.9,75.4,31.2,59.7,77.4,58.2,70.8,67.1,78.3,7.73,81.7,68.9,69.6,78.1,78.2,7.07,7.09,78.9,61.9
cisco_ifwd_sender,72.9,37.9,51.2,75.2,69.4,59.1,16.5,68.3,53.2,33.9,39.4,26.4,22.1,28.4,42.5,258.0,74.3,77.4,63.1,76.9,52.3,64.7,7.64,70.5,76.6,69.2,70.8,78.0,54.1,43.6,30.4,43.5
cisco_ifwd_receiver,72.8,37.8,51.1,75.0,69.2,59.0,16.4,68.1,53.0,33.8,39.3,26.3,22.0,28.3,42.4,257.0,74.1,77.1,62.8,76.7,52.1,64.6,7.61,70.3,76.4,69.0,70.7,77.8,53.9,43.5,30.4,43.4
cisco_ifwd_sender,10.5,73.3,72.1,24.4,22.6,64.2,193.0,52.9,23.9,25.3,15.3,12.5,57.9,24.5,228.0,54.2,77.3,97.1,108.0,83.9,7.3,55.8,10.4,72.0,83.9,83.2,83.1,82.7,8.73,6.79,44.4,47.3
cisco_ifwd_receiver,10.5,73.0,71.8,24.4,22.5,64.0,192.0,52.8,23.8,25.2,15.2,12.4,57.7,24.4,227.0,54.0,77.1,96.9,107.0,83.6,7.28,55.6,10.4,71.8,83.8,83.0,83.0,82.5,8.7,6.77,44.3,47.2
cisco_ifwd_sender,72.0,9.97,12.0,72.0,58.9,37.0,46.0,26.7,45.9,16.2,21.4,36.3,27.2,126.0,9.67,336.0,83.6,83.7,84.7,84.5,6.74,81.2,6.72,70.5,82.4,84.5,84.5,80.2,7.0,6.71,30.6,74.4
cisco_ifwd_receiver,71.9,9.93,12.0,71.8,58.7,36.8,45.9,26.6,45.7,16.2,21.4,36.2,27.1,125.0,9.64,335.0,83.4,83.4,84.5,84.2,6.72,80.8,6.71,70.3,82.3,84.3,84.3,80.0,6.98,6.7,30.6,74.2
cisco_ifwd_sender,76.6,73.4,16.2,70.2,43.9,121.0,72.7,71.3,46.2,53.5,73.6,64.7,32.9,25.7,71.3,42.0,78.4,73.6,80.2,21.5,59.0,65.7,7.14,77.4,40.4,80.7,80.3,83.4,10.1,47.4,76.4,72.1
cisco_ifwd_receiver,76.4,73.3,16.2,69.9,43.8,121.0,72.4,71.1,46.1,53.1,73.4,64.4,32.8,25.6,71.1,41.9,78.1,73.4,80.0,21.4,58.9,65.5,7.12,77.2,40.3,80.5,80.1,83.2,10.0,47.3,76.1,71.9
cisco_ifwd_sender,66.2,65.2,8.63,66.3,17.2,18.5,38.6,64.7,34.7,41.1,39.0,8.81,131.0,43.7,134.0,177.0,9.13,81.8,82.2,85.2,7.63,74.2,6.97,77.0,82.9,83.3,127.0,85.4,6.92,8.4,73.4,59.3
cisco_ifwd_receiver,66.0,65.1,8.59,66.0,17.1,18.5,38.4,64.6,34.5,41.0,38.9,8.79,131.0,43.6,133.0,176.0,9.09,81.6,82.0,85.0,7.61,74.0,6.95,76.7,82.6,83.2,127.0,85.2,6.9,8.38,73.3,59.2
cisco_ifwd_sender,71.2,42.9,73.9,34.5,76.1,73.1,47.4,30.7,70.3,74.6,60.0,66.0,74.7,34.0,70.5,54.7,80.0,78.7,51.2,79.9,61.5,53.1,35.7,63.3,80.4,51.3,62.1,82.3,7.3,7.28,79.9,80.5
cisco_ifwd_receiver,71.0,42.8,73.8,34.3,76.0,72.9,47.2,30.6,70.2,74.4,59.8,65.8,74.5,34.0,70.3,54.6,79.8,78.6,51.1,79.7,61.4,53.0,35.4,63.1,80.2,51.2,62.0,82.1,7.29,7.26,79.7,80.3
cisco_ifwd_sender,14.8,55.7,21.6,75.3,69.4,73.7,73.1,25.7,73.8,28.6,68.7,49.6,54.3,7.52,66.1,194.0,75.3,86.6,74.6,125.0,6.64,73.0,68.9,67.6,46.6,70.0,62.7,75.2,6.67,6.64,70.9,34.4
cisco_ifwd_receiver,14.8,55.5,21.5,75.1,69.2,73.5,72.9,25.6,73.4,28.5,68.6,49.4,54.1,7.49,65.9,194.0,75.1,86.3,74.4,125.0,6.63,72.8,68.7,67.5,46.5,69.8,62.6,75.0,6.65,6.62,70.7,34.3
cisco_ifwd_sender,42.9,61.0,6.42,25.9,11.7,29.0,23.6,20.9,11.5,27.4,521.0,37.4,70.0,14.2,21.2,31.1,52.4,39.6,28.7,77.8,79.6,59.6,12.7,74.9,54.9,63.8,42.8,84.6,23.8,80.5,84.8,92.9
cisco_ifwd_receiver,42.8,60.8,6.4,25.9,11.6,29.0,23.5,20.8,11.5,27.3,520.0,37.3,69.7,14.2,21.1,31.0,52.2,39.4,28.6,77.6,79.3,59.5,12.7,74.7,54.7,63.6,42.7,84.4,23.7,80.3,84.6,92.6
cisco_ifwd_sender,43.9,63.6,60.8,69.8,58.1,60.7,122.0,62.2,8.2,68.5,52.6,60.6,35.6,62.7,70.3,53.5,75.0,74.3,61.0,40.7,6.71,72.7,16.4,72.2,74.1,73.8,130.0,118.0,12.8,7.71,72.6,43.7
cisco_ifwd_receiver,43.8,63.4,60.7,69.6,58.0,60.6,121.0,61.9,8.18,68.3,52.4,60.5,35.5,62.4,70.1,53.4,74.9,74.2,60.8,40.6,6.69,72.5,16.3,72.1,73.9,73.6,129.0,118.0,12.7,7.69,72.4,43.6
cisco_ifwd_sender,66.2,54.2,71.6,67.7,72.1,34.3,73.6,63.1,47.5,62.3,69.7,73.8,38.9,42.6,52.2,65.9,69.7,95.5,74.0,70.1,37.4,65.8,6.78,74.9,73.6,75.1,74.1,72.4,7.03,20.5,79.4,57.9
cisco_ifwd_receiver,66.0,54.0,71.4,67.5,71.8,34.2,73.3,62.8,47.3,62.1,69.5,73.6,38.8,42.5,51.9,65.7,69.4,95.2,73.8,69.9,37.2,65.5,6.76,74.8,73.4,74.8,73.9,72.2,7.0,20.5,79.1,57.8
cisco_ifwd_sender,68.9,60.3,22.7,76.0,63.2,60.0,51.6,34.1,75.4,69.8,150.0,36.6,41.2,57.5,49.1,38.1,9.96,70.8,71.5,19.5,36.1,78.5,10.9,144.0,78.2,63.0,56.6,80.3,67.5,8.13,79.3,78.8
cisco_ifwd_receiver,68.7,60.2,22.6,75.8,63.0,59.7,51.4,34.0,75.2,69.6,150.0,36.4,41.1,57.3,48.9,38.0,9.93,70.7,71.3,19.5,35.9,78.2,10.8,143.0,78.0,62.8,56.4,80.1,67.4,8.11,79.1,78.6
cisco_ifwd_sender,68.5,27.2,6.3,41.8,57.5,9.73,5.79,9.97,45.0,33.5,14.8,34.3,59.6,109.0,113.0,319.0,85.0,137.0,82.4,73.6,5.9,25.6,5.89,47.3,82.3,78.0,83.1,60.6,61.4,5.92,61.7,56.2
cisco_ifwd_receiver,68.4,27.1,6.26,41.7,57.4,9.69,5.77,9.93,44.9,33.4,14.8,34.2,59.2,109.0,113.0,317.0,84.8,137.0,82.2,73.4,5.88,25.5,5.87,47.1,82.2,77.9,82.8,60.5,61.2,5.91,61.4,56.0
cisco_ifwd_sender,79.1,63.9,77.0,75.5,9.92,7.91,8.93,58.1,73.5,41.6,76.5,76.8,154.0,22.4,56.6,71.5,17.3,73.2,71.3,72.1,11.5,78.3,7.11,45.8,72.3,78.1,77.1,79.6,40.6,77.2,76.6,74.4
cisco_ifwd_receiver,78.8,63.8,76.8,75.2,9.88,7.87,8.89,58.0,73.4,41.5,76.3,76.7,153.0,22.3,56.3,71.3,17.2,73.0,71.0,71.9,11.5,78.2,7.09,45.7,72.2,78.0,76.8,79.4,40.3,76.9,76.5,74.1
cisco_ifwd_sender,52.1,33.6,12.7,74.3,27.1,29.0,27.6,14.9,47.8,67.7,42.2,70.3,41.5,51.6,216.0,145.0,71.9,73.8,76.3,38.1,70.9,63.0,9.43,40.3,72.4,76.1,75.7,75.5,6.71,7.92,73.3,121.0
cisco_ifwd_receiver,52.1,33.5,12.6,74.2,27.0,28.9,27.6,14.8,47.7,67.5,42.1,70.2,41.3,51.4,216.0,145.0,71.7,73.7,76.1,38.0,70.7,62.9,9.4,40.2,72.3,75.8,75.5,75.2,6.69,7.89,73.1,121.0
cisco_ifwd_sender,43.2,67.8,72.6,70.7,78.7,78.0,31.1,51.4,50.4,49.2,83.2,31.4,40.3,39.8,108.0,59.5,65.1,78.5,74.7,78.2,7.01,64.1,70.3,48.9,76.3,77.4,77.2,76.8,6.99,6.97,75.3,68.8
cisco_ifwd_receiver,43.0,67.6,72.3,70.5,78.5,77.8,31.1,51.3,50.2,49.0,82.6,31.2,40.2,39.6,107.0,59.3,64.9,78.3,74.5,78.0,6.99,64.0,70.2,48.7,76.1,77.1,77.1,76.5,6.97,6.96,75.2,68.5
cisco_ifwd_sender,57.9,46.9,14.9,49.7,142.0,56.7,70.3,35.0,18.6,44.2,64.4,16.8,16.2,142.0,71.0,106.0,11.1,89.4,86.2,83.0,17.5,66.3,6.77,81.3,85.2,83.4,128.0,84.2,13.9,7.62,58.8,48.4
cisco_ifwd_receiver,57.7,46.8,14.8,49.6,141.0,56.6,70.2,34.7,18.5,44.1,64.2,16.8,16.1,141.0,70.7,106.0,11.1,89.1,86.0,82.8,17.4,66.0,6.76,80.8,84.9,83.2,128.0,84.0,13.9,7.6,58.6,48.2
cisco_ifwd_sender,56.3,28.5,37.7,65.7,5.98,45.3,29.6,25.9,58.2,20.6,52.2,58.3,81.4,129.0,129.0,129.0,64.7,70.5,72.8,72.3,50.1,49.0,48.0,67.8,120.0,68.8,112.0,72.3,6.24,6.23,50.9,20.0
cisco_ifwd_receiver,56.1,28.3,37.5,65.4,5.95,45.2,29.6,25.8,58.0,20.5,52.0,58.2,81.0,129.0,129.0,129.0,64.4,70.4,72.5,72.0,50.0,48.9,47.8,67.6,119.0,68.6,112.0,72.1,6.22,6.21,50.8,20.0
cisco_ifwd_sender,57.4,8.6,11.1,7.66,22.7,35.8,121.0,16.5,11.8,60.9,34.5,69.5,11.2,60.5,32.9,394.0,87.0,95.6,85.5,86.2,55.7,25.7,25.2,63.0,80.6,82.7,86.7,87.4,7.32,6.24,68.8,9.84
cisco_ifwd_receiver,57.3,8.56,11.1,7.63,22.6,35.6,120.0,16.4,11.7,60.7,34.4,69.3,11.2,60.3,32.8,392.0,86.8,95.2,85.3,85.9,55.6,25.6,24.9,62.9,80.4,82.4,86.5,87.2,7.3,6.23,68.7,9.81
cisco_ifwd_sender,60.5,75.5,29.9,61.5,74.3,19.9,40.1,61.1,87.2,70.4,74.7,64.3,60.6,67.4,63.0,42.8,25.1,82.7,49.4,82.2,12.0,79.0,10.4,82.2,81.9,81.4,50.3,83.1,12.6,68.9,70.7,80.8
cisco_ifwd_receiver,60.2,75.2,29.8,61.4,74.1,19.8,39.9,61.0,86.9,70.3,74.5,64.2,60.4,67.3,62.8,42.7,25.0,82.5,49.2,82.0,12.0,78.8,10.4,81.9,81.6,81.2,50.2,82.9,12.5,68.7,70.5,80.6
cisco_ifwd_sender,67.6,64.1,50.9,52.1,48.0,64.5,20.5,123.0,54.8,18.3,6.81,7.92,6.13,64.7,167.0,139.0,77.6,75.7,66.1,106.0,52.0,71.5,71.8,37.1,78.8,78.0,74.8,78.5,6.53,6.56,21.3,50.0
cisco_ifwd_receiver,67.4,63.9,50.8,51.8,47.8,64.3,20.3,122.0,54.5,18.3,6.77,7.88,6.1,64.4,166.0,138.0,77.4,75.6,65.9,105.0,51.9,71.3,71.6,36.9,78.6,77.8,74.6,78.3,6.52,6.54,21.3,49.7
cisco_ifwd_sender,40.5,13.6,29.1,61.5,25.2,13.1,26.6,60.7,19.6,7.22,59.2,172.0,17.4,152.0,120.0,137.0,52.6,64.4,69.0,73.1,39.0,32.5,49.8,72.1,75.6,97.5,59.7,111.0,8.18,6.55,72.6,67.3
cisco_ifwd_receiver,40.4,13.6,29.0,61.3,25.1,13.1,26.5,60.4,19.6,7.2,59.0,171.0,17.3,151.0,120.0,137.0,52.4,64.1,68.8,72.8,39.0,32.4,49.7,72.0,75.5,97.0,59.5,111.0,8.14,6.53,72.4,67.2
cisco_ifwd_sender,23.4,65.7,40.9,12.3,59.8,5.46,23.9,33.3,41.2,17.2,7.96,64.9,60.4,42.5,336.0,120.0,92.5,79.8,69.7,78.7,10.7,50.1,6.27,62.4,124.0,80.4,73.9,80.3,11.9,12.9,48.0,69.9
cisco_ifwd_receiver,23.3,65.3,40.7,12.3,59.5,5.44,23.9,33.2,41.0,17.2,7.93,64.7,60.2,42.3,334.0,119.0,92.2,79.6,69.6,78.6,10.7,49.8,6.26,62.2,124.0,80.1,73.6,80.0,11.9,12.8,47.7,69.6
cisco_ifwd_sender,63.1,14.0,21.4,14.1,7.76,24.4,5.73,174.0,9.3,6.71,61.5,34.9,228.0,58.4,116.0,116.0,91.1,87.8,65.4,89.5,17.5,75.5,6.86,7.01,88.5,88.6,131.0,86.2,24.2,6.94,72.4,12.8
cisco_ifwd_receiver,62.9,13.9,21.3,14.1,7.74,24.3,5.71,173.0,9.27,6.69,61.4,34.8,227.0,58.1,116.0,116.0,90.8,87.6,65.3,89.3,17.5,75.3,6.85,6.99,88.3,88.4,130.0,86.0,24.1,6.92,72.3,12.7
cisco_ifwd_sender,59.1,22.9,18.3,5.5,12.1,5.43,158.0,108.0,15.3,10.9,42.2,133.0,97.3,54.0,160.0,54.6,109.0,85.3,75.9,87.1,12.4,62.5,58.6,65.3,69.9,55.1,90.1,74.8,6.13,6.13,54.3,39.5
cisco_ifwd_receiver,58.9,22.9,18.3,5.47,12.0,5.41,157.0,108.0,15.3,10.9,42.0,132.0,96.9,53.7,159.0,54.4,109.0,85.0,75.6,86.7,12.3,62.3,58.4,65.1,69.7,54.9,89.9,74.6,6.11,6.11,54.0,39.4
cisco_ifwd_sender,71.3,56.1,65.5,68.6,71.1,56.9,56.9,58.8,60.8,71.5,57.1,69.3,8.1,64.8,47.0,70.5,64.7,71.8,61.4,72.5,18.2,58.3,12.7,62.1,54.0,117.0,70.7,71.4,48.2,9.98,71.2,88.5
cisco_ifwd_receiver,71.1,55.9,65.3,68.4,70.8,56.7,56.7,58.5,60.6,71.3,57.0,69.1,8.06,64.6,46.8,70.4,64.5,71.6,61.3,72.2,18.1,58.1,12.6,62.0,53.9,117.0,70.5,71.2,48.1,9.95,70.9,88.1
cisco_ifwd_sender,72.2,71.6,65.1,68.3,65.4,14.4,68.7,60.0,71.2,49.1,63.8,65.0,39.3,61.3,62.9,56.8,66.9,70.9,6.89,72.4,107.0,73.8,39.6,7.84,62.4,58.9,71.3,66.3,40.2,67.9,69.6,71.2
cisco_ifwd_receiver,71.9,71.4,64.8,68.0,65.2,14.4,68.4,59.8,71.0,49.0,63.6,64.7,39.1,61.1,62.7,56.5,66.7,70.6,6.87,72.3,107.0,73.5,39.4,7.81,62.1,58.8,71.1,66.0,39.9,67.8,69.4,71.0
cisco_ifwd_sender,58.1,46.9,34.9,67.1,60.4,6.54,19.1,65.5,57.2,48.0,28.2,54.8,51.9,93.1,131.0,131.0,76.5,75.7,49.6,90.9,47.3,104.0,60.7,11.7,68.8,74.9,76.0,75.2,7.08,37.7,34.4,61.8
cisco_ifwd_receiver,57.9,46.7,34.8,66.9,60.2,6.51,19.0,65.2,56.9,47.7,28.1,54.6,51.7,92.7,131.0,131.0,76.2,75.4,49.5,90.5,47.2,104.0,60.4,11.7,68.5,74.6,75.7,75.0,7.06,37.6,34.3,61.6
cisco_ifwd_sender,74.6,51.4,59.1,67.6,61.2,58.4,55.1,62.3,74.0,13.7,62.6,68.0,35.4,28.2,17.7,165.0,82.1,69.7,7.53,80.1,74.5,56.5,11.2,36.3,46.5,60.1,79.5,79.6,70.7,46.5,76.6,75.6
cisco_ifwd_receiver,74.4,51.2,58.9,67.4,61.1,58.3,54.9,62.2,73.8,13.6,62.4,67.7,35.3,28.2,17.5,165.0,81.9,69.5,7.51,79.7,74.3,56.2,11.2,36.2,46.4,60.0,79.2,79.3,70.4,46.4,76.4,75.4
cisco_ifwd_sender,65.6,73.9,51.1,31.6,68.4,66.0,57.1,55.9,74.5,69.3,78.2,42.0,67.1,39.8,73.3,39.6,65.2,60.9,75.5,70.9,61.8,69.4,60.2,16.2,7.38,74.8,111.0,65.5,61.3,22.9,70.8,58.8
cisco_ifwd_receiver,65.5,73.7,50.8,31.6,68.3,65.8,56.9,55.8,74.4,69.2,77.8,41.9,66.9,39.7,73.1,39.5,64.9,60.7,75.3,70.7,61.6,69.3,60.0,16.2,7.36,74.6,111.0,65.4,61.1,22.8,70.7,58.6
cisco_ifwd_sender,45.9,131.0,24.3,67.9,111.0,16.1,23.0,67.1,42.0,17.3,21.3,72.7,56.3,26.8,30.1,201.0,49.9,15.3,79.2,75.7,63.2,41.7,48.3,20.8,77.0,79.0,78.9,78.8,58.0,55.1,70.8,60.2
cisco_ifwd_receiver,45.8,131.0,24.3,67.6,110.0,16.1,23.0,67.0,41.9,17.2,21.2,72.6,56.0,26.7,30.0,200.0,49.7,15.3,78.9,75.5,62.9,41.5,48.1,20.8,76.8,78.7,78.6,78.6,57.9,54.9,70.6,59.9
cisco_ifwd_sender,75.9,61.6,45.3,72.0,69.6,73.1,44.8,16.6,68.5,71.1,13.1,76.8,59.0,73.5,66.8,67.0,103.0,77.9,69.9,7.97,74.3,53.7,6.86,75.7,57.0,55.8,50.9,78.0,46.3,44.4,75.5,76.0
cisco_ifwd_receiver,75.8,61.5,45.2,71.7,69.4,73.0,44.7,16.4,68.3,70.9,13.1,76.6,58.9,73.3,66.6,66.9,103.0,77.7,69.7,7.95,74.1,53.6,6.85,75.5,56.9,55.7,50.8,77.7,46.2,44.3,75.4,75.7
