cisco_nifwd_sender,73.8,73.6,72.5,57.8,32.5,60.6,71.4,67.1,73.8,74.1,27.0,73.7,38.7,65.7,30.5,60.8,122.0,71.5,52.7,62.7,70.9,72.4,31.0,72.7,70.3,7.26,72.6,60.6,60.8,26.5,26.6,72.8
cisco_nifwd_receiver,73.6,73.4,72.3,57.6,32.4,60.5,71.3,66.8,73.4,73.9,26.9,73.5,38.6,65.6,30.4,60.6,122.0,71.3,52.5,62.5,70.6,72.2,31.0,72.5,70.1,7.24,72.3,60.4,60.6,26.4,26.5,72.6
cisco_nifwd_sender,147.0,70.8,64.3,66.3,14.8,38.5,60.0,63.8,43.8,56.7,54.9,65.8,43.8,35.8,64.7,63.4,70.7,75.3,60.2,76.0,47.3,6.75,60.2,26.2,56.8,19.2,72.0,32.5,74.7,74.7,151.0,49.0
cisco_nifwd_receiver,146.0,70.6,64.1,66.1,14.8,38.4,59.8,63.6,43.7,56.5,54.8,65.6,43.7,35.7,64.4,63.2,70.5,75.0,60.0,75.8,47.2,6.73,60.0,26.2,56.7,19.2,71.8,32.4,74.5,74.6,150.0,48.9
cisco_nifwd_sender,48.5,51.8,37.8,71.7,64.9,26.2,142.0,24.7,61.3,51.0,70.9,42.9,59.6,70.6,62.0,68.6,74.0,63.9,59.2,69.6,9.52,10.2,65.0,67.5,123.0,49.7,69.6,70.0,66.2,62.5,64.3,30.5
cisco_nifwd_receiver,48.3,51.7,37.7,71.6,64.7,26.1,142.0,24.6,61.2,50.7,70.7,42.7,59.4,70.3,61.8,68.4,73.7,63.6,59.0,69.3,9.49,10.1,64.8,67.2,123.0,49.6,69.3,69.8,66.0,62.3,64.0,30.3
cisco_nifwd_sender,58.0,47.8,49.5,48.9,18.9,39.9,37.6,45.1,45.0,50.7,30.9,68.2,60.6,60.2,34.4,257.0,68.7,74.6,69.4,73.9,35.1,6.44,63.2,72.1,69.1,67.9,74.3,86.0,56.0,22.0,41.4,71.1
cisco_nifwd_receiver,57.8,47.7,49.4,48.7,18.9,39.6,37.5,44.9,44.8,50.5,30.8,68.0,60.3,60.0,34.3,256.0,68.5,74.4,69.2,73.7,34.9,6.42,62.9,71.9,69.0,67.7,74.0,85.6,55.9,22.0,41.3,70.9
cisco_nifwd_sender,101.0,56.0,51.5,66.5,32.1,41.4,108.0,63.0,47.0,44.2,70.2,65.2,35.2,64.4,59.2,48.9,65.7,64.4,50.0,70.7,6.52,15.6,68.4,53.7,68.4,59.5,69.3,66.3,63.8,67.8,59.0,104.0
cisco_nifwd_receiver,101.0,55.9,51.4,66.2,32.0,41.3,108.0,62.7,46.9,44.1,70.0,64.8,35.1,64.1,59.0,48.7,65.4,64.0,49.8,70.5,6.49,15.5,68.1,53.5,68.2,59.2,69.1,66.0,63.5,67.6,58.8,104.0
cisco_nifwd_sender,34.4,22.4,6.15,128.0,24.8,17.2,36.2,32.5,24.1,62.5,185.0,127.0,64.2,63.5,63.4,64.0,97.9,72.3,71.0,74.0,23.1,66.9,47.6,27.5,65.7,73.1,69.5,74.5,16.4,72.6,42.5,58.9
cisco_nifwd_receiver,34.2,22.3,6.13,127.0,24.7,17.2,36.1,32.4,24.0,62.3,185.0,127.0,63.9,63.2,63.3,63.8,97.4,72.2,70.8,73.8,23.1,66.7,47.4,27.4,65.4,72.9,69.3,74.3,16.4,72.4,42.4,58.8
cisco_nifwd_sender,66.4,63.4,70.8,77.3,13.3,19.4,34.3,74.8,64.5,33.2,68.1,74.2,75.1,69.1,75.3,75.1,71.8,99.9,67.5,63.2,6.95,20.9,6.43,56.5,63.3,60.1,55.5,68.8,111.0,119.0,35.1,48.1
cisco_nifwd_receiver,66.3,63.2,70.4,77.1,13.2,19.3,34.2,74.6,64.2,33.0,67.8,74.0,74.9,69.0,75.0,74.9,71.6,99.5,67.2,63.0,6.93,20.8,6.41,56.3,63.0,60.0,55.3,68.6,110.0,119.0,35.0,48.0
cisco_nifwd_sender,39.3,63.1,64.3,12.4,56.1,204.0,50.1,65.0,78.2,35.8,28.1,69.0,41.0,28.3,63.4,54.6,57.6,116.0,68.3,109.0,50.8,28.8,22.0,36.8,58.1,102.0,52.6,68.7,29.3,56.3,63.0,33.8
cisco_nifwd_receiver,39.2,62.9,64.0,12.3,55.9,204.0,49.8,64.7,77.9,35.6,28.0,68.8,40.9,28.2,63.0,54.4,57.4,116.0,67.9,108.0,50.6,28.7,22.0,36.7,57.9,102.0,52.3,68.4,29.2,56.2,62.8,33.7
cisco_nifwd_sender,76.2,75.8,47.5,76.7,48.0,75.5,8.06,76.0,74.4,28.4,70.8,73.7,33.7,53.7,74.5,61.5,72.0,77.5,63.9,66.8,44.6,26.6,6.89,58.7,61.4,74.9,72.9,62.3,50.8,78.1,60.4,76.3
cisco_nifwd_receiver,76.1,75.5,47.4,76.4,47.9,75.3,8.03,75.8,74.2,28.4,70.6,73.5,33.6,53.5,74.2,61.4,71.8,77.3,63.8,66.5,44.5,26.4,6.88,58.5,61.2,74.7,72.8,62.2,50.7,77.9,60.2,76.2
cisco_nifwd_sender,29.3,73.2,73.2,59.1,9.41,73.0,73.4,47.5,74.0,66.2,68.9,35.6,72.9,68.3,71.5,58.9,72.4,71.1,86.7,77.8,33.0,38.6,13.3,68.7,50.8,64.9,66.0,76.5,72.7,29.2,81.3,50.9
cisco_nifwd_receiver,29.2,73.1,72.8,58.9,9.37,72.8,73.1,47.4,73.8,66.0,68.7,35.5,72.7,68.2,71.3,58.6,72.1,70.9,86.4,77.5,32.8,38.5,13.3,68.5,50.7,64.8,65.8,76.3,72.4,29.1,81.0,50.7
cisco_nifwd_sender,71.4,34.6,41.5,69.0,46.3,17.6,62.2,42.7,35.0,55.6,99.3,118.0,71.3,71.6,54.5,63.6,114.0,68.8,75.8,76.8,6.82,23.4,6.83,45.3,33.5,68.8,73.1,75.7,61.5,71.4,74.5,75.7
cisco_nifwd_receiver,71.2,34.5,41.3,68.8,46.2,17.6,61.9,42.5,34.7,55.5,98.8,117.0,71.1,71.4,54.4,63.4,113.0,68.7,75.6,76.7,6.8,23.3,6.81,45.0,33.4,68.6,72.9,75.5,61.3,71.2,74.2,75.5
cisco_nifwd_sender,10.3,72.5,72.9,72.0,6.9,71.8,66.4,72.2,50.0,68.1,67.0,51.7,66.6,72.1,65.5,67.1,56.1,76.2,69.6,114.0,9.42,20.6,6.86,52.9,71.0,45.1,76.3,77.0,64.3,76.4,75.5,61.1
cisco_nifwd_receiver,10.3,72.3,72.6,71.9,6.88,71.6,66.2,71.8,49.9,67.8,66.8,51.5,66.4,71.9,65.4,67.0,55.9,76.0,69.4,114.0,9.38,20.6,6.83,52.7,70.9,45.0,76.1,76.8,64.1,76.1,75.2,61.0
cisco_nifwd_sender,75.1,35.0,76.0,61.4,15.3,58.0,54.5,150.0,48.5,89.3,9.19,77.9,63.9,72.2,57.7,8.19,92.9,77.1,46.8,74.8,20.8,6.85,6.87,69.9,75.2,50.6,69.1,76.0,34.5,29.8,66.2,154.0
cisco_nifwd_receiver,75.0,35.0,75.8,61.3,15.2,57.8,54.3,150.0,48.4,89.0,9.16,77.6,63.7,72.0,57.6,8.17,92.6,76.9,46.7,74.6,20.8,6.83,6.84,69.7,75.0,50.5,68.9,75.8,34.4,29.8,66.1,154.0
cisco_nifwd_sender,60.2,70.2,70.0,50.0,59.9,23.3,14.5,7.82,36.0,43.1,20.9,142.0,31.2,64.9,41.1,220.0,79.7,67.4,44.2,67.3,7.17,56.9,7.35,66.9,72.9,74.6,77.9,74.4,57.6,76.6,71.3,49.6
cisco_nifwd_receiver,59.8,70.0,69.8,49.8,59.8,23.3,14.4,7.79,35.9,42.9,20.9,141.0,31.2,64.7,40.9,219.0,79.6,67.1,44.0,67.1,7.15,56.8,7.33,66.7,72.8,74.4,77.7,74.2,57.5,76.4,71.2,49.5
cisco_nifwd_sender,71.9,72.0,72.7,65.7,67.8,54.8,18.2,60.7,68.2,59.8,59.6,98.1,37.0,64.7,30.8,52.4,61.6,59.7,72.4,72.9,6.66,31.8,6.63,50.3,72.7,70.7,71.3,66.1,61.6,112.0,62.9,74.0
cisco_nifwd_receiver,71.7,71.6,72.5,65.5,67.5,54.7,18.2,60.5,67.9,59.6,59.5,97.7,37.0,64.5,30.7,52.3,61.4,59.6,72.2,72.7,6.64,31.7,6.61,50.2,72.6,70.6,71.1,65.9,61.4,111.0,62.7,73.7
cisco_nifwd_sender,60.0,71.1,70.9,70.3,66.2,20.1,48.9,45.5,37.3,52.2,58.7,33.5,141.0,40.6,67.0,70.9,73.9,66.8,74.5,74.6,11.1,50.7,53.8,73.1,73.3,72.2,52.9,66.8,34.7,65.1,71.9,36.6
cisco_nifwd_receiver,59.8,70.9,70.6,70.2,65.9,20.0,48.6,45.3,37.1,52.0,58.6,33.3,141.0,40.5,66.8,70.7,73.7,66.7,74.2,74.4,11.0,50.6,53.6,72.9,73.0,72.0,52.7,66.5,34.6,65.0,71.8,36.5
cisco_nifwd_sender,71.6,28.5,32.9,44.0,68.2,49.7,67.9,11.4,58.8,28.8,48.7,33.1,137.0,103.0,35.1,136.0,94.1,75.5,78.8,76.8,36.2,6.65,6.69,105.0,78.6,80.1,49.6,81.0,33.0,74.3,32.7,44.5
cisco_nifwd_receiver,71.4,28.4,32.8,43.9,68.1,49.5,67.8,11.3,58.6,28.6,48.5,33.0,137.0,102.0,35.0,136.0,93.5,75.2,78.6,76.7,36.1,6.64,6.68,104.0,78.4,79.9,49.5,80.8,32.9,74.1,32.6,44.4
cisco_nifwd_sender,65.7,21.3,65.2,25.7,31.4,6.65,59.3,5.61,11.8,55.9,63.6,29.9,173.0,118.0,59.2,164.0,83.4,85.2,71.1,85.7,6.74,13.7,33.2,43.6,82.1,59.0,68.5,83.7,57.9,71.1,66.6,41.8
cisco_nifwd_receiver,65.5,21.2,65.1,25.6,31.3,6.63,59.1,5.59,11.8,55.8,63.5,29.8,172.0,118.0,58.9,163.0,83.2,85.0,70.9,85.5,6.71,13.7,33.1,43.5,81.9,58.9,68.3,83.5,57.7,70.9,66.4,41.6
cisco_nifwd_sender,73.8,51.2,61.2,74.0,9.78,73.8,11.9,22.3,44.2,41.5,65.1,60.6,174.0,8.27,146.0,35.1,75.2,74.8,68.1,75.3,7.08,8.94,6.76,34.3,69.5,75.3,62.7,75.4,70.1,60.1,136.0,50.5
cisco_nifwd_receiver,73.7,51.0,61.0,73.8,9.74,73.5,11.8,22.2,44.0,41.4,64.9,60.5,173.0,8.24,145.0,35.0,75.0,74.6,67.9,75.1,7.06,8.91,6.74,34.2,69.3,75.1,62.5,75.1,69.9,60.0,136.0,50.4
cisco_nifwd_sender,74.3,89.3,39.4,74.3,68.6,62.3,62.6,69.2,30.5,19.8,74.3,74.7,57.6,73.2,53.7,30.5,81.8,77.5,77.5,74.9,6.92,7.81,6.94,77.1,56.7,46.2,62.2,77.1,32.2,131.0,59.1,77.2
cisco_nifwd_receiver,74.1,89.0,39.3,74.0,68.5,62.1,62.5,69.0,30.4,19.7,74.0,74.3,57.3,73.0,53.5,30.4,81.3,77.3,77.2,74.8,6.9,7.79,6.92,76.9,56.6,46.1,62.0,76.8,32.1,131.0,59.0,76.9
cisco_nifwd_sender,68.7,60.7,15.4,40.0,10.7,6.18,22.7,5.68,36.0,36.8,16.4,47.3,126.0,167.0,128.0,168.0,78.7,79.1,79.0,82.7,7.57,6.47,14.3,58.5,73.5,80.4,80.0,81.3,66.6,36.2,60.2,66.9
cisco_nifwd_receiver,68.5,60.5,15.3,39.9,10.6,6.16,22.6,5.66,35.9,36.7,16.3,47.0,125.0,166.0,128.0,167.0,78.5,78.8,78.8,82.5,7.53,6.45,14.3,58.3,73.2,80.2,79.8,81.1,66.4,36.2,60.0,66.7
cisco_nifwd_sender,74.2,73.7,31.1,75.2,74.9,48.4,65.1,74.7,73.8,62.6,36.4,7.74,64.1,41.7,31.2,119.0,36.5,75.4,69.1,69.5,12.7,6.92,7.26,63.0,154.0,70.6,75.8,77.0,35.6,72.7,75.1,51.4
cisco_nifwd_receiver,74.0,73.4,31.0,74.9,74.7,48.2,65.0,74.5,73.6,62.4,36.3,7.72,64.0,41.3,31.1,119.0,36.4,75.2,68.8,69.2,12.6,6.91,7.24,62.9,154.0,70.4,75.6,76.8,35.5,72.4,74.9,51.2
cisco_nifwd_sender,11.9,44.6,54.3,73.0,33.8,65.6,16.9,72.4,57.3,145.0,53.8,66.1,64.2,50.1,29.2,117.0,76.5,76.3,66.5,70.0,6.79,37.4,6.82,74.1,76.1,72.9,73.0,50.6,74.8,74.9,65.5,51.0
cisco_nifwd_receiver,11.8,44.5,54.2,72.7,33.8,65.5,16.9,72.2,57.1,144.0,53.6,66.0,64.1,49.9,29.1,116.0,76.2,76.1,66.4,69.7,6.77,37.1,6.8,73.9,75.9,72.7,72.7,50.5,74.6,74.8,65.3,50.9
cisco_nifwd_sender,72.4,66.2,72.4,73.4,71.1,34.6,53.9,33.4,72.5,66.2,33.4,72.2,67.9,69.3,48.9,46.1,71.4,40.1,71.1,136.0,24.2,23.7,7.23,21.5,73.0,71.0,68.8,72.5,74.4,74.5,49.4,74.4
cisco_nifwd_receiver,72.2,66.0,72.3,73.3,70.9,34.4,53.7,33.3,72.3,66.0,33.3,71.9,67.7,69.0,48.8,46.0,71.2,40.0,70.8,135.0,24.1,23.6,7.21,21.4,72.8,70.8,68.6,72.3,74.2,74.2,49.3,74.3
cisco_nifwd_sender,49.3,46.3,70.5,72.0,46.0,61.0,26.5,48.3,40.5,32.4,24.1,274.0,52.4,58.2,40.7,12.3,76.3,75.8,63.6,72.3,37.0,6.82,49.2,72.4,75.2,70.9,73.5,46.1,48.5,71.8,67.6,46.0
cisco_nifwd_receiver,49.1,46.1,70.3,71.8,45.8,60.7,26.4,48.2,40.4,32.3,24.1,274.0,52.3,58.1,40.6,12.2,76.1,75.7,63.4,72.1,36.9,6.8,49.0,72.2,75.0,70.6,73.4,45.8,48.3,71.6,67.5,45.9
cisco_nifwd_sender,70.8,47.9,64.3,61.2,36.8,142.0,15.4,7.09,29.1,32.8,31.0,144.0,47.3,25.1,59.0,141.0,75.1,75.2,57.4,72.7,11.7,13.0,7.47,57.0,62.0,69.9,114.0,71.9,73.9,67.2,75.1,48.7
cisco_nifwd_receiver,70.5,47.7,64.2,60.9,36.7,142.0,15.3,7.05,29.0,32.6,30.9,144.0,47.1,25.0,58.8,141.0,74.9,75.0,57.3,72.6,11.7,12.9,7.46,56.9,61.9,69.7,114.0,71.7,73.5,66.9,74.9,48.5
cisco_nifwd_sender,60.2,73.0,54.7,67.2,152.0,70.3,37.1,47.0,44.4,66.5,56.1,70.4,29.4,60.5,40.1,25.7,69.6,74.0,27.5,133.0,53.8,6.77,6.51,70.7,45.3,72.9,65.1,72.7,74.0,71.7,40.7,68.6
cisco_nifwd_receiver,60.0,72.8,54.4,67.0,151.0,70.0,37.0,46.8,44.3,66.3,55.9,70.1,29.3,60.4,39.9,25.7,69.3,73.8,27.4,133.0,53.8,6.75,6.49,70.5,45.1,72.6,64.9,72.6,73.8,71.6,40.5,68.3
cisco_nifwd_sender,77.5,76.1,68.3,77.2,11.8,78.5,40.0,71.8,40.4,61.0,31.5,72.9,76.5,72.1,23.9,74.1,71.1,46.4,29.9,77.2,7.01,7.0,7.01,76.6,77.5,76.4,77.0,140.0,77.4,74.4,37.2,70.0
cisco_nifwd_receiver,77.4,75.8,68.0,76.9,11.8,78.4,39.8,71.6,40.3,60.8,31.4,72.5,76.2,72.0,23.9,73.9,70.9,46.3,29.9,77.0,6.99,6.98,6.99,76.4,77.3,76.2,76.8,140.0,77.2,74.2,37.0,69.8
cisco_nifwd_sender,70.0,55.2,52.5,43.3,33.9,20.7,59.1,136.0,39.6,58.4,45.1,45.7,11.3,24.9,50.2,208.0,76.2,77.6,57.1,71.2,35.0,9.88,70.6,69.0,70.5,71.7,66.7,77.5,13.4,44.7,67.9,72.3
cisco_nifwd_receiver,69.8,55.0,52.3,43.2,33.8,20.6,58.9,135.0,39.5,58.2,45.0,45.5,11.3,24.9,50.0,207.0,76.0,77.5,57.0,71.1,34.9,9.84,70.4,68.7,70.3,71.5,66.4,77.3,13.3,44.6,67.7,72.1
cisco_nifwd_sender,88.7,71.2,24.0,60.6,10.0,70.0,24.3,46.7,25.6,11.3,27.5,67.3,70.0,70.3,69.9,219.0,81.5,81.4,23.3,81.5,54.3,7.28,52.0,67.2,72.3,79.5,81.2,82.2,6.74,39.8,73.7,68.7
cisco_nifwd_receiver,88.2,70.9,23.9,60.4,9.98,69.7,24.2,46.6,25.5,11.2,27.4,67.1,69.7,70.0,69.7,218.0,81.2,81.2,23.2,81.4,54.2,7.26,51.8,67.0,72.2,79.4,81.0,82.0,6.72,39.7,73.4,68.5
cisco_nifwd_sender,73.6,75.8,55.5,58.5,62.3,73.2,51.3,74.3,75.3,59.3,22.3,74.1,18.8,45.8,74.3,59.6,76.6,70.9,7.13,75.6,8.49,68.2,59.5,74.2,74.9,64.3,76.5,66.2,65.0,49.9,41.7,73.5
cisco_nifwd_receiver,73.4,75.6,55.2,58.4,62.2,72.9,51.2,74.0,75.1,59.1,22.1,73.9,18.8,45.6,74.0,59.4,76.4,70.7,7.11,75.4,8.47,67.9,59.3,74.0,74.6,64.2,76.3,66.0,64.7,49.8,41.6,73.3
cisco_nifwd_sender,72.2,53.6,33.7,70.4,83.1,75.1,75.5,75.5,32.4,29.0,73.9,61.6,65.6,14.2,55.9,83.3,80.9,77.5,66.6,80.7,8.39,46.3,7.43,78.5,80.9,81.6,82.8,23.0,12.9,71.7,78.0,76.7
cisco_nifwd_receiver,72.0,53.4,33.6,70.3,82.7,75.0,75.3,75.3,32.3,28.8,73.7,61.5,65.3,14.1,55.7,83.1,80.6,77.3,66.3,80.4,8.37,46.1,7.41,78.3,80.7,81.4,82.5,22.8,12.8,71.5,77.8,76.4
cisco_nifwd_sender,67.4,30.8,62.5,71.3,62.4,70.6,41.8,70.4,16.6,47.0,72.2,41.3,64.5,70.6,107.0,57.9,82.6,78.4,18.7,78.2,6.61,7.62,67.9,72.8,77.7,77.7,69.9,68.5,6.61,48.2,130.0,62.5
cisco_nifwd_receiver,67.2,30.7,62.4,71.1,62.2,70.3,41.6,70.3,16.5,46.8,71.9,41.1,64.3,70.4,107.0,57.6,82.2,78.1,18.6,77.9,6.59,7.59,67.8,72.5,77.4,77.5,69.7,68.3,6.59,48.0,129.0,62.2
cisco_nifwd_sender,67.7,32.8,9.01,67.7,7.77,60.4,8.69,18.8,8.29,67.2,39.5,10.5,60.3,164.0,212.0,122.0,87.8,111.0,9.11,86.7,58.0,7.01,50.4,60.5,107.0,86.2,86.5,77.7,6.88,43.4,26.1,49.3
cisco_nifwd_receiver,67.5,32.7,8.98,67.5,7.73,60.2,8.65,18.7,8.25,67.1,39.4,10.5,60.2,163.0,211.0,122.0,87.6,110.0,9.1,86.6,57.8,6.98,50.3,60.4,107.0,86.1,86.3,77.6,6.86,43.3,26.0,49.1
cisco_nifwd_sender,18.6,19.7,49.4,73.1,104.0,48.4,40.5,74.4,70.5,76.2,71.0,69.3,70.7,35.5,65.7,66.7,75.4,76.2,24.3,77.3,34.9,10.8,21.2,75.1,72.4,75.0,76.0,75.6,68.0,72.2,46.7,72.5
cisco_nifwd_receiver,18.4,19.6,49.2,72.9,104.0,48.3,40.4,74.1,70.2,76.0,70.8,69.1,70.5,35.4,65.5,66.4,75.2,76.0,24.2,77.0,34.6,10.7,21.0,74.8,72.1,74.8,75.8,75.3,67.8,72.0,46.6,72.2
cisco_nifwd_sender,63.5,73.7,72.0,54.1,41.6,73.4,38.7,57.1,68.2,72.4,46.5,71.4,60.2,38.1,58.0,65.7,36.6,73.8,71.7,74.4,6.71,31.0,44.5,119.0,73.5,69.9,58.0,48.2,69.6,55.5,52.8,67.5
cisco_nifwd_receiver,63.2,73.5,71.8,54.0,41.5,73.1,38.4,56.9,68.0,72.1,46.3,71.2,59.9,38.0,57.9,65.5,36.4,73.6,71.5,74.2,6.68,30.9,44.4,119.0,73.3,69.6,57.7,48.0,69.4,55.3,52.6,67.3
cisco_nifwd_sender,36.7,125.0,63.3,31.8,26.8,40.5,12.6,40.1,28.7,70.8,16.2,70.9,70.5,31.7,143.0,143.0,57.6,134.0,69.6,76.2,6.64,6.65,8.63,72.8,131.0,69.5,47.7,74.6,7.25,42.9,71.8,74.0
cisco_nifwd_receiver,36.6,125.0,63.1,31.7,26.7,40.4,12.5,40.0,28.7,70.6,16.1,70.7,70.3,31.6,142.0,143.0,57.5,133.0,69.5,75.9,6.62,6.64,8.61,72.6,130.0,69.3,47.6,74.3,7.23,42.7,71.6,73.8
cisco_nifwd_sender,73.8,58.5,13.2,33.5,60.1,74.2,74.4,74.6,72.5,43.7,35.7,101.0,26.0,66.3,74.0,74.8,8.22,51.5,73.8,71.8,74.8,72.7,8.02,74.9,76.4,76.3,73.9,126.0,6.77,48.0,63.6,48.4
cisco_nifwd_receiver,73.6,58.4,13.2,33.5,59.9,74.1,74.2,74.4,72.3,43.4,35.6,100.0,25.8,66.2,73.8,74.5,8.19,51.4,73.6,71.6,74.6,72.5,7.99,74.7,76.2,76.2,73.7,125.0,6.75,47.8,63.5,48.3
cisco_nifwd_sender,57.9,40.5,71.0,44.6,42.2,60.3,71.0,51.8,69.2,86.4,58.0,98.5,35.5,29.5,72.2,64.9,67.0,51.4,72.9,74.9,6.82,6.78,75.0,75.0,70.8,53.4,75.1,58.0,13.6,62.7,68.9,120.0
cisco_nifwd_receiver,57.7,40.3,70.7,44.4,42.1,60.1,70.8,51.6,69.1,86.2,57.9,98.1,35.3,29.4,72.0,64.7,66.8,51.3,72.7,74.8,6.8,6.77,74.9,74.8,70.6,53.3,74.7,57.7,13.6,62.5,68.8,119.0
cisco_nifwd_sender,16.7,65.5,121.0,69.9,12.6,67.1,67.1,48.1,66.7,73.1,44.9,56.1,66.3,46.0,68.9,59.8,81.1,79.2,51.2,81.5,35.1,44.5,7.39,78.9,49.9,65.8,79.2,73.1,7.6,67.7,78.6,68.4
cisco_nifwd_receiver,16.6,65.4,121.0,69.7,12.6,66.9,66.9,48.0,66.5,72.8,44.8,56.0,66.1,45.9,68.8,59.6,80.9,79.0,51.0,81.3,35.0,44.4,7.38,78.6,49.8,65.6,79.0,73.0,7.58,67.6,78.5,68.1
cisco_nifwd_sender,75.6,57.4,69.5,75.3,59.0,68.4,67.6,32.2,54.1,52.7,64.8,74.2,73.5,54.9,25.3,49.3,67.4,73.7,35.0,74.7,72.4,6.76,72.8,59.7,73.5,6.71,67.2,73.2,73.0,66.2,61.5,68.3
cisco_nifwd_receiver,75.3,57.1,69.3,75.0,58.8,68.2,67.3,32.1,53.9,52.4,64.6,74.0,73.3,54.7,25.2,49.2,67.2,73.5,34.8,74.5,72.2,6.75,72.6,59.6,73.2,6.69,67.0,73.0,72.8,66.0,61.3,68.0
cisco_nifwd_sender,79.0,7.49,79.0,44.7,61.7,75.4,67.4,91.2,62.5,78.8,68.7,44.2,39.3,35.2,48.6,71.9,83.4,92.2,7.87,84.6,10.8,80.0,9.64,49.1,70.9,8.72,85.8,80.1,69.4,72.4,67.6,80.8
cisco_nifwd_receiver,78.8,7.46,78.8,44.5,61.4,75.2,67.1,91.0,62.3,78.6,68.5,44.0,39.2,35.0,48.4,71.8,83.1,91.7,7.85,84.4,10.7,79.8,9.6,49.0,70.8,8.69,85.5,80.0,69.2,72.2,67.4,80.6
cisco_nifwd_sender,54.4,69.0,13.8,68.3,23.5,17.6,48.3,431.0,22.9,23.0,11.0,59.9,9.89,28.0,58.5,15.5,78.2,78.3,78.4,69.8,53.6,72.0,17.2,72.8,80.3,75.6,96.5,80.3,6.58,7.34,55.5,28.9
cisco_nifwd_receiver,54.2,68.7,13.8,68.0,23.4,17.5,48.1,429.0,22.8,22.8,10.9,59.7,9.86,27.9,58.4,15.5,78.0,78.0,78.2,69.5,53.4,71.8,17.2,72.6,80.2,75.3,96.2,80.1,6.56,7.31,55.3,28.8
cisco_nifwd_sender,64.4,31.0,90.0,74.5,44.1,56.8,36.0,70.8,72.8,50.7,71.9,66.1,12.3,88.0,54.5,70.7,49.7,74.1,31.5,75.7,75.3,53.1,64.4,73.5,76.9,75.0,74.2,7.64,62.5,6.82,75.0,77.7
cisco_nifwd_receiver,64.2,30.8,89.8,74.3,44.0,56.5,35.8,70.5,72.6,50.6,71.7,65.9,12.3,87.8,54.4,70.4,49.5,73.8,31.4,75.6,75.0,52.9,64.1,73.3,76.6,74.8,74.1,7.61,62.2,6.8,74.9,77.4
cisco_nifwd_sender,73.4,46.4,73.4,46.9,43.5,59.5,144.0,66.7,10.4,55.7,32.3,104.0,64.6,34.3,44.5,54.0,61.1,90.5,73.8,79.3,7.08,15.1,23.4,47.4,75.6,104.0,76.4,71.6,63.7,7.63,75.7,80.3
cisco_nifwd_receiver,73.1,46.3,73.2,46.7,43.3,59.4,144.0,66.5,10.3,55.4,32.1,104.0,64.3,34.2,44.4,53.9,61.0,90.0,73.6,79.1,7.06,15.0,23.4,47.3,75.4,103.0,76.3,71.4,63.5,7.61,75.5,80.0
cisco_nifwd_sender,47.5,74.3,73.7,85.9,70.9,73.7,60.4,45.3,13.3,75.4,43.4,60.8,61.5,69.1,52.1,47.0,74.5,134.0,7.34,78.0,30.7,74.4,8.17,72.6,77.0,9.26,76.9,83.0,7.12,67.9,76.0,75.9
cisco_nifwd_receiver,47.4,74.1,73.5,85.5,70.6,73.5,60.2,45.0,13.3,75.2,43.1,60.5,61.2,68.8,51.8,46.9,74.4,133.0,7.31,77.7,30.6,74.2,8.15,72.4,76.8,9.23,76.7,82.6,7.1,67.6,75.7,75.6
cisco_nifwd_sender,59.3,57.4,70.4,67.8,36.2,45.9,69.1,87.7,55.1,67.9,64.7,49.9,66.3,49.2,53.3,52.4,38.2,72.2,49.7,106.0,53.3,39.0,71.4,56.0,71.8,68.9,71.5,46.3,58.0,69.4,70.9,8.35
cisco_nifwd_receiver,59.0,57.2,70.2,67.6,36.1,45.6,68.8,87.2,54.9,67.8,64.5,49.7,66.0,48.9,53.1,52.3,38.0,72.0,49.5,106.0,53.0,38.9,71.2,55.9,71.6,68.7,71.3,46.2,57.7,69.1,70.6,8.33
cisco_nifwd_sender,59.8,70.0,69.0,58.0,10.7,11.4,69.3,17.4,21.3,55.8,23.0,110.0,35.3,138.0,138.0,69.1,52.2,75.5,75.5,74.5,43.3,9.12,71.2,48.6,75.2,73.6,50.6,73.0,55.7,14.5,115.0,46.1
cisco_nifwd_receiver,59.5,69.7,68.8,57.7,10.6,11.4,69.1,17.4,21.2,55.6,22.8,109.0,35.2,137.0,137.0,68.8,52.1,75.2,75.3,74.3,43.2,9.09,71.0,48.4,74.9,73.4,50.5,72.8,55.4,14.4,115.0,45.9
cisco_nifwd_sender,76.5,76.3,76.2,59.0,75.7,63.2,27.2,39.5,76.4,69.2,72.3,73.9,60.7,19.7,45.5,44.2,45.6,32.3,33.5,77.0,75.3,77.2,67.1,51.4,77.7,23.4,77.0,77.4,74.2,75.5,72.3,17.6
cisco_nifwd_receiver,76.3,76.1,76.0,58.9,75.4,62.9,27.1,39.3,76.1,69.0,72.0,73.7,60.6,19.7,45.4,44.1,45.5,32.2,33.4,76.8,75.1,76.9,66.9,51.2,77.4,23.3,76.8,77.1,74.0,75.3,72.1,17.5
cisco_nifwd_sender,77.1,77.9,69.2,77.6,60.8,75.1,70.9,44.1,49.8,76.0,19.4,59.0,20.5,73.1,44.7,59.8,51.9,73.1,73.1,77.9,55.3,46.3,73.7,74.4,76.8,8.31,55.2,69.6,53.1,57.1,52.7,55.3
cisco_nifwd_receiver,76.9,77.7,69.0,77.4,60.6,74.8,70.7,43.9,49.7,75.8,19.3,58.8,20.4,73.0,44.5,59.7,51.8,72.9,72.8,77.6,55.1,46.2,73.5,74.2,76.6,8.29,55.1,69.4,52.9,56.9,52.5,55.0
