cisco_fwd_sender,63.4,24.9,10.9,29.3,147.0,117.0,18.0,7.79,61.3,5.58,123.0,53.2,117.0,154.0,13.1,7.83,57.3,47.3,190.0,62.4,116.0,57.0,102.0,6.71,12.9,121.0,34.3,60.8,6.18,57.1,15.6,5.87
cisco_fwd_receiver,63.2,24.8,10.9,29.2,147.0,116.0,17.9,7.77,61.1,5.56,122.0,53.0,116.0,153.0,13.1,7.79,57.1,47.0,190.0,62.1,115.0,56.7,101.0,6.68,12.8,121.0,34.2,60.5,6.15,56.7,15.6,5.83
cisco_fwd_sender,68.9,18.0,68.3,29.3,55.1,37.1,6.6,24.9,36.5,8.23,39.3,53.5,13.2,66.4,64.0,368.0,82.8,51.6,80.3,98.4,52.8,16.6,41.5,38.7,78.0,79.6,80.3,83.0,41.1,12.2,58.4,59.0
cisco_fwd_receiver,68.5,18.0,68.1,29.2,54.9,37.0,6.58,24.8,36.4,8.2,39.2,53.3,13.1,66.0,63.7,366.0,82.5,51.4,80.1,98.0,52.7,16.6,41.4,38.6,77.8,79.4,80.1,82.9,41.0,12.2,58.3,58.8
cisco_fwd_sender,70.8,40.8,50.1,67.5,70.3,39.2,148.0,139.0,108.0,25.8,16.2,58.4,69.4,21.4,11.4,17.2,79.5,7.44,72.2,79.6,66.3,23.9,74.7,66.8,97.3,78.1,63.5,79.6,6.74,33.1,47.3,74.5
cisco_fwd_receiver,70.6,40.6,50.0,67.3,70.1,39.1,148.0,138.0,107.0,25.7,16.1,58.2,69.2,21.3,11.4,17.1,79.3,7.4,71.8,79.2,66.1,23.8,74.5,66.6,96.8,77.9,63.3,79.4,6.72,33.0,47.1,74.2
cisco_fwd_sender,69.3,73.5,51.0,46.8,31.9,89.2,26.9,30.4,71.2,31.1,73.0,147.0,54.9,59.1,43.5,56.6,69.6,6.71,74.5,50.0,45.5,59.5,73.5,63.9,64.3,76.2,67.6,74.3,51.0,73.8,56.5,46.1
cisco_fwd_receiver,69.1,73.3,50.9,46.6,31.7,88.7,26.8,30.3,71.0,31.0,72.7,147.0,54.7,58.8,43.4,56.5,69.3,6.69,74.3,49.8,45.3,59.3,73.2,63.7,64.2,76.0,67.5,74.1,50.8,73.6,56.4,45.9
cisco_fwd_sender,77.4,66.6,21.0,56.3,7.02,7.82,145.0,12.5,70.2,53.1,39.5,25.1,12.6,144.0,145.0,72.4,80.7,7.89,76.3,85.8,52.1,73.2,64.1,54.6,72.3,59.7,82.6,81.5,6.75,60.5,61.1,33.3
cisco_fwd_receiver,77.2,66.4,20.7,56.0,6.98,7.78,144.0,12.5,70.0,53.0,39.4,25.0,12.6,144.0,144.0,72.1,80.6,7.87,76.1,85.5,51.9,73.1,64.0,54.5,72.1,59.6,82.4,81.3,6.73,60.4,60.9,33.2
cisco_fwd_sender,74.9,75.1,77.0,42.5,56.0,67.4,34.6,234.0,74.5,71.5,34.6,23.2,7.9,21.3,9.15,49.8,38.7,53.7,77.0,78.6,63.6,68.6,72.1,47.3,66.1,76.9,48.4,66.4,6.67,41.2,74.0,72.9
cisco_fwd_receiver,74.7,74.8,76.7,42.4,55.9,67.2,34.3,233.0,74.3,71.3,34.4,23.1,7.87,21.2,9.11,49.7,38.6,53.6,76.7,78.4,63.4,68.3,71.9,47.1,65.9,76.6,48.3,66.3,6.65,41.1,73.8,72.7
cisco_fwd_sender,76.4,24.4,6.93,153.0,7.52,77.4,17.0,74.1,68.9,59.5,42.5,38.3,40.5,48.4,147.0,71.9,74.2,31.4,71.4,73.7,126.0,62.4,31.4,45.0,42.7,74.1,75.3,68.1,6.65,61.1,63.6,45.1
cisco_fwd_receiver,76.1,24.3,6.92,152.0,7.49,77.2,17.0,73.8,68.7,59.3,42.4,38.1,40.5,48.2,147.0,71.8,74.0,31.4,71.3,73.5,125.0,62.2,31.3,44.9,42.6,73.9,75.1,67.8,6.62,61.0,63.4,45.0
cisco_fwd_sender,46.6,73.4,74.0,71.2,61.2,44.6,66.3,33.5,63.1,61.4,73.3,69.0,41.5,69.2,41.9,64.8,74.8,68.9,75.4,76.4,68.1,37.2,74.7,57.9,65.8,68.9,56.6,72.2,6.79,39.6,37.0,74.2
cisco_fwd_receiver,46.5,73.2,73.9,71.0,61.0,44.4,66.1,33.4,62.9,61.1,73.1,68.8,41.4,68.9,41.8,64.6,74.6,68.7,75.3,76.1,67.9,37.0,74.5,57.7,65.5,68.8,56.5,72.0,6.77,39.5,36.9,74.0
cisco_fwd_sender,66.2,65.3,74.5,24.4,67.5,57.7,42.6,71.3,65.7,72.5,75.2,71.1,44.2,8.82,70.9,76.8,75.1,7.44,79.1,79.6,11.4,74.8,58.5,78.1,70.9,75.9,78.4,77.1,8.56,78.2,38.2,63.0
cisco_fwd_receiver,65.9,65.1,74.3,24.3,67.3,57.4,42.5,71.1,65.5,72.4,74.9,70.9,44.1,8.8,70.8,76.5,74.8,7.42,79.0,79.3,11.4,74.5,58.3,77.9,70.8,75.7,78.2,77.0,8.54,78.0,38.1,62.7
cisco_fwd_sender,45.8,33.0,167.0,74.5,9.69,67.4,43.2,48.8,79.8,15.9,75.6,75.1,67.8,57.2,51.1,42.5,72.9,10.3,78.5,79.1,7.0,69.9,77.2,59.0,54.0,76.3,42.3,75.5,24.7,72.8,77.7,75.7
cisco_fwd_receiver,45.6,33.0,167.0,74.4,9.66,67.2,43.0,48.6,79.5,15.8,75.4,74.8,67.6,57.0,51.0,42.4,72.7,10.3,78.3,78.9,6.98,69.7,77.0,58.9,53.9,76.1,42.2,75.4,24.6,72.6,77.5,75.6
cisco_fwd_sender,55.4,65.4,70.9,54.0,63.7,32.1,32.9,20.0,53.7,11.2,33.5,19.0,145.0,6.92,145.0,145.0,79.3,19.5,133.0,78.8,9.76,63.1,26.3,84.7,51.0,78.6,78.8,75.8,25.9,11.2,70.1,66.7
cisco_fwd_receiver,55.2,65.1,70.8,53.9,63.6,32.0,32.8,20.0,53.6,11.1,33.4,18.8,145.0,6.89,145.0,144.0,79.1,19.4,133.0,78.7,9.73,62.9,26.2,84.3,50.9,78.4,78.6,75.6,25.7,11.2,70.0,66.5
cisco_fwd_sender,76.2,78.5,68.3,50.5,77.7,78.4,44.6,45.9,73.5,74.6,72.0,60.4,39.1,47.1,36.9,30.2,77.8,76.5,76.9,62.9,76.2,42.0,43.8,70.6,72.2,72.4,26.8,77.9,6.95,75.7,43.7,50.5
cisco_fwd_receiver,76.0,78.3,68.1,50.4,77.5,78.3,44.5,45.8,73.2,74.4,71.8,60.2,38.9,47.0,36.8,30.1,77.5,76.4,76.6,62.7,76.0,41.9,43.7,70.5,72.0,72.2,26.8,77.8,6.93,75.5,43.5,50.4
cisco_fwd_sender,75.4,37.1,150.0,30.3,69.1,76.4,12.8,71.7,75.1,74.5,68.3,68.6,9.3,67.5,11.6,56.7,120.0,9.74,78.8,82.1,7.29,80.6,37.0,72.9,42.4,80.2,75.6,81.7,7.29,80.7,61.5,35.9
cisco_fwd_receiver,75.3,37.0,150.0,30.2,69.0,76.0,12.8,71.6,74.9,74.3,68.1,68.4,9.27,67.2,11.6,56.5,120.0,9.71,78.7,81.9,7.28,80.3,37.0,72.7,42.3,80.0,75.5,81.4,7.28,80.4,61.4,35.7
cisco_fwd_sender,41.6,65.8,69.4,64.3,55.4,39.6,27.8,139.0,35.5,23.6,31.7,27.1,70.0,70.0,52.9,140.0,76.0,26.2,75.6,68.0,6.57,41.2,66.6,39.1,70.6,47.3,241.0,50.4,6.58,28.2,54.8,56.5
cisco_fwd_receiver,41.5,65.6,69.2,64.2,55.3,39.5,27.8,139.0,35.4,23.6,31.6,27.0,69.8,69.7,52.8,140.0,75.8,26.1,75.3,67.8,6.56,41.1,66.4,38.9,70.3,47.1,240.0,50.3,6.57,28.2,54.6,56.3
cisco_fwd_sender,30.8,66.6,71.5,17.1,49.0,6.48,35.8,59.3,43.4,57.2,56.7,70.6,28.1,142.0,71.3,149.0,132.0,42.3,79.9,78.8,7.44,74.2,74.3,67.4,70.5,62.6,78.1,7.16,6.73,56.0,41.9,71.7
cisco_fwd_receiver,30.8,66.3,71.3,17.0,48.9,6.46,35.7,59.0,43.3,57.1,56.6,70.4,28.0,141.0,71.1,148.0,132.0,42.1,79.5,78.4,7.42,74.0,74.2,67.3,70.4,62.4,77.9,7.15,6.71,55.8,41.8,71.5
cisco_fwd_sender,64.4,62.8,71.5,71.9,59.2,27.4,70.6,63.4,58.6,48.9,17.4,69.4,29.3,55.0,163.0,21.4,72.7,17.7,69.9,73.1,6.96,66.3,63.5,66.1,73.5,72.9,73.1,58.5,31.9,70.1,69.1,67.7
cisco_fwd_receiver,64.2,62.6,71.4,71.7,58.9,27.2,70.4,63.1,58.4,48.8,17.4,69.1,29.2,54.8,163.0,21.4,72.4,17.6,69.8,73.0,6.94,66.1,63.2,65.8,73.3,72.7,72.9,58.3,31.8,70.0,68.9,67.4
cisco_fwd_sender,28.6,68.5,75.9,90.5,56.8,60.8,41.4,70.1,75.0,42.5,37.3,67.8,73.2,74.8,69.9,23.0,80.4,7.81,64.1,79.9,35.0,72.1,67.7,69.2,77.4,74.7,78.9,28.0,7.09,61.8,74.5,76.0
cisco_fwd_receiver,28.5,68.4,75.6,90.0,56.6,60.6,41.4,69.9,74.8,42.5,37.3,67.5,73.0,74.5,69.7,23.0,80.1,7.78,63.9,79.7,34.9,72.0,67.5,69.0,77.2,74.5,78.7,27.9,7.07,61.6,74.4,75.9
cisco_fwd_sender,66.7,52.8,60.1,51.3,66.0,40.2,33.0,32.9,44.2,47.5,46.4,57.3,25.4,15.8,30.6,284.0,161.0,58.4,49.4,77.0,15.6,46.4,47.3,9.84,79.3,32.8,90.1,71.1,7.06,50.3,78.5,77.1
cisco_fwd_receiver,66.5,52.6,60.0,51.1,65.8,40.1,32.9,32.8,44.0,47.3,46.3,57.1,25.3,15.7,30.5,283.0,160.0,58.2,49.3,76.8,15.5,46.2,47.2,9.81,79.1,32.7,89.8,70.8,7.04,50.2,78.4,77.0
cisco_fwd_sender,53.9,74.3,65.6,85.7,58.7,28.0,58.7,148.0,10.4,65.5,97.2,58.7,7.53,70.0,17.0,54.4,72.0,48.4,70.7,76.5,11.9,74.5,74.1,67.7,82.1,68.0,66.5,64.6,6.73,61.0,33.2,74.5
cisco_fwd_receiver,53.7,74.1,65.4,85.4,58.6,28.0,58.5,148.0,10.4,65.3,96.6,58.5,7.5,69.7,16.9,54.2,71.8,48.3,70.5,76.2,11.8,74.4,73.9,67.4,81.7,67.8,66.2,64.4,6.71,60.8,33.1,74.4
cisco_fwd_sender,49.8,74.1,29.5,47.8,72.1,38.1,70.6,59.4,46.9,63.5,12.7,225.0,22.1,42.0,72.1,29.8,83.1,6.87,54.8,73.3,49.9,44.8,72.7,101.0,74.0,49.1,118.0,59.8,17.5,56.7,26.8,65.9
cisco_fwd_receiver,49.7,73.9,29.4,47.7,72.0,38.0,70.4,59.2,46.6,63.3,12.7,224.0,22.0,41.8,72.0,29.7,82.9,6.85,54.6,73.2,49.8,44.7,72.5,100.0,73.8,49.0,117.0,59.7,17.4,56.5,26.8,65.8
cisco_fwd_sender,64.1,71.2,48.4,51.1,63.1,74.4,31.7,74.3,66.9,73.6,73.0,72.4,7.1,74.2,42.0,67.2,60.6,57.9,72.5,71.8,7.25,75.6,67.5,74.6,73.3,75.4,75.6,23.3,6.8,74.0,74.8,62.2
cisco_fwd_receiver,64.0,71.0,48.4,50.9,63.0,74.2,31.7,74.1,66.8,73.3,72.8,72.1,7.06,74.0,41.9,67.1,60.4,57.8,72.4,71.6,7.24,75.4,67.4,74.3,73.1,75.2,75.4,23.2,6.79,73.8,74.7,62.0
cisco_fwd_sender,42.8,75.2,73.0,42.3,42.2,64.2,67.7,53.8,60.0,27.8,116.0,70.7,41.9,52.0,57.2,67.8,77.6,29.9,37.2,76.9,23.0,44.0,106.0,71.2,62.0,73.0,76.7,70.3,6.89,73.7,62.0,62.2
cisco_fwd_receiver,42.7,75.0,72.8,42.1,42.1,64.0,67.6,53.7,59.9,27.7,115.0,70.4,41.8,51.9,56.9,67.6,77.5,29.9,37.2,76.6,23.0,43.9,106.0,71.1,61.9,72.8,76.5,70.2,6.88,73.5,61.7,62.0
cisco_fwd_sender,67.0,72.3,33.9,69.6,65.3,68.7,42.7,55.9,39.9,65.2,12.9,148.0,58.9,56.2,32.5,65.0,74.4,73.1,76.7,69.6,6.89,45.4,75.2,64.9,69.7,77.3,74.8,45.3,7.34,68.9,64.2,57.9
cisco_fwd_receiver,66.8,72.1,33.8,69.5,65.1,68.5,42.6,55.7,39.8,65.0,12.9,147.0,58.7,56.0,32.4,64.8,74.2,73.0,76.5,69.4,6.87,45.2,74.9,64.7,69.4,77.1,74.7,45.2,7.32,68.8,64.0,57.8
cisco_fwd_sender,66.1,18.4,32.8,69.5,9.99,19.0,20.7,26.2,21.4,29.9,21.0,43.7,24.9,16.4,130.0,407.0,82.0,78.3,79.1,81.1,6.18,65.4,27.2,55.1,125.0,95.8,82.0,28.4,6.19,33.4,68.2,40.5
cisco_fwd_receiver,65.9,18.4,32.8,69.3,9.94,18.9,20.7,26.2,21.3,29.8,21.0,43.5,24.8,16.3,129.0,405.0,81.8,78.1,78.9,80.9,6.16,65.1,27.2,54.9,125.0,95.5,81.8,28.3,6.18,33.4,68.0,40.4
cisco_fwd_sender,19.5,48.2,61.9,124.0,42.5,74.4,43.1,7.02,55.6,123.0,68.3,75.3,14.2,72.1,75.3,50.2,54.6,71.0,74.7,72.1,60.3,31.2,55.6,43.4,74.9,64.9,74.6,51.1,6.79,69.2,74.5,74.3
cisco_fwd_receiver,19.4,48.0,61.7,124.0,42.4,74.3,42.9,6.99,55.4,122.0,68.1,75.1,14.2,72.0,75.1,50.1,54.5,70.7,74.5,71.8,60.1,31.1,55.4,43.3,74.7,64.8,74.5,50.9,6.78,69.1,74.3,74.1
cisco_fwd_sender,76.9,49.4,76.3,75.0,43.2,57.8,62.8,32.5,76.8,97.1,7.66,74.1,44.7,34.0,75.3,69.2,79.7,8.58,78.5,81.2,8.12,53.8,63.0,77.7,57.5,77.8,79.9,7.37,55.4,69.5,77.6,75.0
cisco_fwd_receiver,76.7,49.3,76.1,74.7,43.1,57.6,62.7,32.5,76.5,96.6,7.64,74.0,44.5,33.9,75.0,69.0,79.5,8.56,78.3,81.0,8.1,53.6,62.8,77.5,57.3,77.6,79.6,7.35,55.2,69.3,77.4,74.8
cisco_fwd_sender,37.7,73.4,73.6,68.9,59.0,59.3,54.4,50.5,53.3,52.8,72.7,72.8,72.2,50.8,50.2,53.0,76.1,49.8,63.5,76.2,50.0,67.8,68.9,63.8,66.8,75.6,56.0,68.2,9.77,73.3,74.8,13.6
cisco_fwd_receiver,37.6,73.1,73.5,68.7,58.8,59.0,54.3,50.3,53.2,52.5,72.5,72.5,71.9,50.6,50.0,52.8,75.8,49.7,63.3,76.0,49.9,67.6,68.6,63.6,66.6,75.3,55.8,68.0,9.68,73.1,74.6,13.5
cisco_fwd_sender,53.9,72.5,25.8,69.6,60.0,57.0,72.3,63.2,72.2,31.6,46.2,63.8,71.4,41.6,142.0,12.2,60.0,28.6,109.0,76.4,60.2,34.2,68.8,52.1,75.7,70.3,71.4,55.9,7.71,71.0,45.1,67.8
cisco_fwd_receiver,53.7,72.3,25.6,69.4,59.8,56.8,72.2,63.0,71.9,31.5,46.1,63.7,71.2,41.4,142.0,12.2,59.9,28.5,109.0,76.1,60.0,34.2,68.6,52.0,75.6,70.2,71.2,55.6,7.69,70.8,45.0,67.7
cisco_fwd_sender,21.3,42.3,56.3,48.5,12.4,79.7,79.8,44.3,48.5,56.9,147.0,69.1,78.9,44.6,78.4,45.3,79.1,8.1,74.9,63.9,13.9,53.9,48.7,78.3,62.4,167.0,69.0,68.4,43.2,39.6,75.1,7.42
cisco_fwd_receiver,21.2,42.2,56.2,48.3,12.3,79.6,79.6,44.1,48.4,56.7,147.0,68.8,78.7,44.5,78.3,45.2,78.9,8.06,74.6,63.8,13.8,53.7,48.6,78.0,62.1,167.0,68.9,68.1,43.0,39.5,74.8,7.4
cisco_fwd_sender,23.9,68.9,40.9,44.4,43.8,7.87,52.1,66.4,22.3,60.2,27.9,69.9,10.2,11.0,267.0,137.0,73.1,67.4,63.0,119.0,35.2,37.0,7.54,57.5,71.7,73.1,70.0,67.3,24.9,59.2,65.0,61.4
cisco_fwd_receiver,23.8,68.6,40.8,44.3,43.7,7.83,51.9,66.2,22.2,60.0,27.9,69.7,10.2,10.9,265.0,137.0,72.9,67.1,62.8,119.0,35.1,36.9,7.5,57.4,71.5,72.9,69.7,67.0,24.8,58.8,64.8,61.2
cisco_fwd_sender,70.6,60.0,27.9,65.7,28.6,13.6,63.0,15.2,71.8,59.3,63.6,67.2,29.5,102.0,143.0,71.8,78.9,53.4,76.3,83.2,69.7,50.4,8.07,76.0,84.6,79.9,48.6,9.89,7.05,77.6,75.8,72.5
cisco_fwd_receiver,70.5,59.8,27.8,65.5,28.6,13.5,62.8,15.2,71.6,59.2,63.4,66.8,29.5,102.0,143.0,71.6,78.7,53.2,76.1,82.9,69.5,50.3,8.05,75.8,84.2,79.6,48.5,9.86,7.03,77.3,75.5,72.3
cisco_fwd_sender,78.1,55.4,47.9,89.9,32.5,60.1,59.5,11.0,78.5,77.2,64.3,79.6,69.4,11.4,70.0,69.1,54.0,6.5,66.9,72.1,5.91,44.3,338.0,61.0,63.8,57.2,51.0,12.3,6.33,10.8,50.5,53.6
cisco_fwd_receiver,77.9,55.2,47.7,89.5,32.4,59.9,59.3,11.0,78.2,77.0,64.1,79.3,69.2,11.4,69.8,68.9,53.9,6.49,66.8,71.8,5.89,44.1,336.0,60.8,63.7,56.9,50.9,12.3,6.31,10.8,50.2,53.4
cisco_fwd_sender,78.7,105.0,24.0,14.4,73.1,46.6,26.1,67.6,34.5,72.3,14.7,79.1,141.0,73.0,49.7,56.3,83.2,21.6,84.1,85.1,76.9,65.2,70.8,41.2,84.0,81.9,84.3,11.1,6.95,62.0,32.4,63.8
cisco_fwd_receiver,78.6,104.0,23.9,14.4,72.8,46.4,26.0,67.4,34.5,72.1,14.6,78.9,140.0,72.9,49.5,56.1,82.9,21.4,84.0,84.9,76.8,65.0,70.7,41.1,83.7,81.7,84.1,11.0,6.94,61.7,32.4,63.7
cisco_fwd_sender,77.6,41.7,76.2,50.7,66.9,38.8,53.2,40.4,35.1,70.7,54.3,71.4,116.0,20.9,72.2,67.6,40.5,68.8,62.0,78.5,43.3,76.4,82.4,52.3,66.2,75.3,75.3,21.1,7.54,51.8,73.7,77.4
cisco_fwd_receiver,77.3,41.6,76.0,50.5,66.7,38.7,52.9,40.3,35.0,70.5,54.1,71.2,116.0,20.9,72.0,67.4,40.4,68.6,61.9,78.3,43.2,76.2,82.1,52.2,66.0,75.0,75.2,21.0,7.5,51.5,73.5,77.2
cisco_fwd_sender,55.3,75.1,62.5,75.3,134.0,74.4,36.6,74.8,69.9,7.85,75.4,71.2,72.7,6.88,30.1,31.6,80.4,7.48,78.4,79.4,6.99,60.9,53.0,77.2,51.5,57.3,74.5,77.5,36.5,77.1,60.2,74.3
cisco_fwd_receiver,55.1,74.7,62.3,75.1,133.0,74.2,36.5,74.6,69.7,7.8,75.1,70.9,72.6,6.84,30.0,31.5,80.2,7.44,78.1,79.2,6.97,60.8,52.9,76.9,51.4,57.2,74.4,77.3,36.3,76.9,60.0,74.1
cisco_fwd_sender,35.1,83.7,56.2,62.3,66.4,74.6,92.4,68.7,67.5,68.1,74.1,65.7,63.8,20.0,45.3,11.3,72.1,68.8,74.3,75.3,6.7,71.5,7.08,67.2,24.8,89.3,69.7,73.0,128.0,73.6,24.8,27.0
cisco_fwd_receiver,35.0,83.4,56.1,62.0,66.2,74.4,92.1,68.5,67.4,67.7,73.8,65.6,63.5,20.0,45.2,11.3,71.9,68.7,74.1,75.1,6.68,71.4,7.06,67.1,24.6,88.9,69.5,72.9,128.0,73.5,24.7,27.0
cisco_fwd_sender,38.4,48.7,73.7,73.8,53.4,72.4,56.6,70.5,67.3,56.7,37.2,71.8,69.5,69.9,57.8,38.7,66.2,47.8,43.0,72.5,63.1,60.5,32.8,65.4,151.0,74.8,29.5,42.5,7.28,65.6,69.5,64.0
cisco_fwd_receiver,38.3,48.5,73.4,73.5,53.3,72.1,56.4,70.3,67.1,56.5,37.1,71.6,69.3,69.7,57.6,38.6,66.1,47.7,42.9,72.3,62.9,60.3,32.7,65.2,150.0,74.6,29.4,42.4,7.26,65.4,69.2,63.7
cisco_fwd_sender,69.5,75.6,70.4,34.6,74.5,67.1,43.4,73.7,69.6,22.4,75.9,73.9,74.3,46.0,7.26,74.4,74.6,69.8,68.3,95.4,6.65,59.8,125.0,45.5,6.96,63.7,72.2,58.4,6.64,58.0,73.7,68.3
cisco_fwd_receiver,69.3,75.4,70.2,34.5,74.3,66.9,43.2,73.3,69.3,22.3,75.7,73.7,74.1,45.8,7.24,74.2,74.4,69.5,68.1,95.1,6.63,59.6,124.0,45.4,6.94,63.5,71.9,58.2,6.62,57.9,73.5,68.0
cisco_fwd_sender,77.9,49.1,23.0,36.4,10.0,68.7,25.3,34.5,21.8,58.3,65.4,67.9,202.0,135.0,11.7,67.6,70.1,62.2,70.4,71.3,57.4,20.3,56.0,37.3,55.3,70.0,114.0,69.8,53.0,44.3,44.7,55.2
cisco_fwd_receiver,77.6,48.9,22.9,36.2,10.0,68.4,25.2,34.4,21.8,58.0,65.1,67.7,201.0,134.0,11.7,67.4,69.8,62.0,70.2,71.1,57.2,20.3,55.8,37.1,55.0,69.9,114.0,69.5,52.8,44.2,44.6,54.9
cisco_fwd_sender,68.8,69.2,44.2,55.4,55.8,59.7,106.0,57.2,34.6,65.3,65.0,85.0,33.4,43.4,61.8,49.6,71.2,7.44,72.1,71.0,8.96,65.0,55.5,48.6,41.1,67.0,114.0,34.1,27.3,66.3,116.0,88.4
cisco_fwd_receiver,68.6,68.9,44.1,55.3,55.5,59.4,106.0,57.0,34.5,65.1,64.9,84.7,33.3,43.2,61.5,49.4,70.9,7.4,71.9,70.8,8.92,64.8,55.4,48.5,41.0,66.7,113.0,34.0,27.2,66.1,115.0,88.1
cisco_fwd_sender,77.8,72.5,47.5,50.3,76.9,18.6,35.6,70.8,48.5,78.1,78.0,70.2,61.3,14.8,77.5,77.3,77.2,8.72,79.3,112.0,7.77,42.2,74.5,48.3,19.5,77.7,78.6,77.9,26.0,72.8,73.9,78.0
cisco_fwd_receiver,77.5,72.4,47.4,50.2,76.8,18.6,35.5,70.7,48.2,77.9,77.8,70.1,61.1,14.8,77.3,77.1,77.0,8.68,79.2,112.0,7.74,42.0,74.3,48.2,19.5,77.5,78.4,77.6,25.9,72.7,73.7,77.9
cisco_fwd_sender,67.9,48.6,71.7,52.6,46.2,68.1,67.0,71.1,53.2,69.3,64.8,58.3,60.1,62.1,64.8,29.4,105.0,8.76,77.8,72.0,9.3,72.8,70.6,69.5,8.03,78.3,77.6,77.4,6.94,76.5,72.3,70.6
cisco_fwd_receiver,67.7,48.5,71.5,52.5,46.1,68.0,66.7,70.9,53.1,69.1,64.7,58.0,59.9,61.8,64.6,29.3,105.0,8.73,77.6,71.8,9.27,72.5,70.4,69.3,8.01,78.1,77.5,77.2,6.92,76.3,72.1,70.3
cisco_fwd_sender,67.7,38.1,49.2,58.5,17.0,27.1,46.8,15.9,55.9,54.0,42.6,66.8,64.3,12.9,330.0,8.47,75.3,67.6,72.4,76.0,71.4,63.8,45.6,46.9,25.7,75.9,95.8,48.3,6.48,65.3,59.6,57.3
cisco_fwd_receiver,67.5,38.0,49.0,58.1,17.0,27.0,46.7,15.8,55.7,53.9,42.5,66.6,64.2,12.8,329.0,8.44,75.1,67.4,72.2,75.7,71.2,63.5,45.5,46.7,25.7,75.5,95.3,48.0,6.46,65.1,59.4,57.1
cisco_fwd_sender,99.4,41.0,71.8,47.7,46.4,67.8,56.1,67.2,61.7,56.8,71.3,65.4,67.6,44.9,59.1,31.3,71.2,61.9,103.0,72.0,6.24,97.5,68.2,98.5,17.6,66.8,53.3,6.49,6.27,117.0,51.5,57.0
cisco_fwd_receiver,99.0,40.9,71.6,47.5,46.3,67.5,55.8,67.1,61.6,56.7,71.0,65.1,67.3,44.8,58.9,31.2,71.0,61.8,102.0,71.7,6.23,97.2,68.0,98.1,17.5,66.6,53.2,6.48,6.25,116.0,51.3,56.9
cisco_fwd_sender,24.8,52.8,75.6,32.4,71.9,71.9,71.6,14.6,40.7,53.8,69.3,74.1,35.3,38.6,58.9,169.0,74.4,46.2,75.6,77.4,39.4,74.1,88.9,43.4,9.36,72.4,141.0,72.7,6.62,38.3,44.8,48.7
cisco_fwd_receiver,24.8,52.7,75.4,32.3,71.7,71.7,71.4,14.6,40.5,53.7,69.2,74.0,35.0,38.5,58.8,168.0,74.2,46.1,75.4,77.2,39.2,73.9,88.6,43.3,9.34,72.3,141.0,72.5,6.61,38.2,44.7,48.6
cisco_fwd_sender,66.5,36.6,47.8,59.7,113.0,7.11,67.4,66.0,62.3,26.3,64.2,151.0,39.7,24.0,72.8,49.5,81.6,78.5,81.2,80.7,7.27,80.3,93.8,79.6,36.3,80.9,12.9,77.3,13.7,78.2,45.3,25.0
cisco_fwd_receiver,66.4,36.4,47.7,59.5,113.0,7.08,67.2,65.9,62.2,26.2,64.0,150.0,39.5,23.9,72.6,49.3,81.4,78.3,81.0,80.6,7.25,80.2,93.5,79.3,36.2,80.6,12.9,77.2,13.7,78.0,45.2,24.9
cisco_fwd_sender,72.8,51.9,55.0,58.9,71.9,70.0,31.9,40.8,68.7,65.8,74.7,62.5,60.6,44.8,60.6,64.2,75.2,41.8,76.9,78.1,6.95,74.7,34.0,77.1,76.2,77.1,11.2,61.1,6.97,75.9,76.4,104.0
cisco_fwd_receiver,72.5,51.6,54.9,58.7,71.7,69.8,31.8,40.7,68.4,65.6,74.3,62.2,60.2,44.5,60.4,64.1,74.9,41.7,76.7,78.0,6.93,74.6,33.9,76.9,76.1,76.8,11.1,60.9,6.95,75.7,76.1,104.0
cisco_fwd_sender,38.6,45.7,66.2,99.3,48.4,66.2,32.3,55.3,57.0,117.0,51.6,56.7,58.5,129.0,13.2,20.5,45.3,64.4,73.4,72.5,54.0,50.7,64.3,63.0,58.1,29.4,70.0,42.6,74.7,69.5,66.8,54.5
cisco_fwd_receiver,38.5,45.5,66.0,98.8,48.3,66.0,32.1,55.0,56.9,116.0,51.4,56.5,58.2,129.0,13.1,20.4,45.2,64.1,73.1,72.3,53.9,50.6,64.1,62.8,57.9,29.3,69.7,42.5,74.4,69.3,66.6,54.4
cisco_fwd_sender,61.0,69.7,68.6,75.0,74.3,29.9,10.6,70.5,75.6,75.8,75.9,36.3,33.5,67.5,61.7,67.9,72.4,8.97,65.5,52.4,6.63,72.3,37.0,50.8,70.7,58.0,53.4,71.2,43.0,149.0,69.2,72.7
cisco_fwd_receiver,60.8,69.5,68.3,74.7,74.1,29.9,10.6,70.2,75.5,75.4,75.7,36.2,33.5,67.2,61.5,67.7,72.1,8.94,65.3,52.2,6.6,72.0,36.9,50.5,70.6,57.8,53.2,71.0,42.8,149.0,69.0,72.4
cisco_fwd_sender,28.1,50.9,22.5,56.3,118.0,41.4,18.1,6.29,47.5,24.7,31.1,140.0,59.1,58.9,196.0,57.8,136.0,58.0,77.5,68.0,6.61,61.7,73.4,57.0,77.0,78.0,10.8,70.9,6.63,70.5,27.2,73.4
cisco_fwd_receiver,28.0,50.7,22.4,56.2,118.0,41.3,18.0,6.27,47.3,24.6,30.8,139.0,59.0,58.7,195.0,57.6,136.0,57.8,77.3,67.8,6.6,61.5,73.3,56.9,76.8,77.8,10.7,70.7,6.61,70.2,27.2,73.2
