ratapt_nifwd_sender,62.3,19.6,63.6,7.27,73.3,26.2,65.6,72.0,73.5,27.4,70.9,7.83,308.0,158.0,372.0,116.0,74.8,8.3,52.3,71.7,74.2,10.2,54.1,38.0,99.2,89.5,179.0,89.4,189.0,122.0,97.8,89.0
ratapt_nifwd_receiver,62.2,19.5,63.3,7.25,73.1,26.1,65.5,71.8,73.3,27.3,70.7,7.81,308.0,158.0,371.0,116.0,74.6,8.26,52.2,71.5,74.0,10.2,53.9,37.9,99.0,89.4,178.0,89.2,188.0,122.0,97.6,88.9
ratapt_nifwd_sender,74.6,43.6,79.8,11.7,76.4,11.5,48.1,10.4,74.6,28.1,79.2,38.3,316.0,167.0,380.0,91.7,11.0,66.4,81.5,44.7,73.3,23.6,70.4,6.82,179.0,84.6,110.0,151.0,151.0,86.5,105.0,86.8
ratapt_nifwd_receiver,74.4,43.5,79.6,11.6,76.2,11.4,47.9,10.3,74.4,28.0,79.0,38.2,315.0,166.0,379.0,91.5,10.8,66.3,81.3,44.6,73.2,23.6,70.3,6.78,178.0,84.4,110.0,151.0,150.0,86.4,105.0,86.6
ratapt_nifwd_sender,58.6,30.3,72.4,17.6,44.0,10.7,75.3,24.5,71.9,28.0,63.7,52.1,389.0,114.0,293.0,160.0,72.7,51.5,55.9,10.2,69.9,38.6,43.0,63.5,92.5,80.5,93.9,82.1,156.0,104.0,259.0,87.2
ratapt_nifwd_receiver,58.4,30.2,72.3,17.5,43.9,10.7,75.1,24.5,71.7,27.9,63.6,51.9,388.0,114.0,292.0,160.0,72.4,51.3,55.7,10.1,69.7,38.5,42.7,63.3,92.3,80.3,93.7,81.9,156.0,103.0,258.0,86.9
ratapt_nifwd_sender,75.8,16.4,37.3,68.1,75.4,8.74,66.8,11.9,73.5,10.6,93.3,171.0,369.0,99.3,341.0,145.0,65.7,6.87,41.6,7.73,63.7,10.4,40.6,8.99,102.0,80.8,235.0,81.3,129.0,145.0,99.5,82.6
ratapt_nifwd_receiver,75.6,16.3,37.2,67.8,75.1,8.71,66.5,11.8,73.3,10.5,93.0,170.0,369.0,99.1,341.0,144.0,65.5,6.84,41.5,7.71,63.5,10.4,40.4,8.95,101.0,80.6,234.0,81.1,129.0,144.0,99.2,82.4
ratapt_nifwd_sender,75.3,8.29,63.7,6.03,70.4,61.2,63.4,10.8,67.7,168.0,27.3,40.8,396.0,196.0,263.0,99.1,74.3,14.8,21.6,15.0,62.0,6.97,61.5,34.4,103.0,64.5,257.0,78.7,103.0,70.3,197.0,78.2
ratapt_nifwd_receiver,75.1,8.26,63.5,6.01,70.2,60.9,63.1,10.7,67.5,167.0,27.2,40.6,395.0,196.0,262.0,98.8,74.1,14.8,21.5,15.0,61.9,6.94,61.2,34.3,103.0,64.3,257.0,78.5,102.0,70.2,197.0,78.1
ratapt_nifwd_sender,86.8,46.9,73.2,11.3,66.5,27.6,74.4,13.5,67.5,17.4,74.7,47.6,311.0,161.0,294.0,190.0,75.7,6.16,69.0,21.3,75.6,21.4,72.1,6.09,174.0,132.0,198.0,100.0,98.5,77.9,99.1,74.3
ratapt_nifwd_receiver,86.2,46.7,73.0,11.2,66.4,27.5,74.2,13.5,67.3,17.4,74.5,47.5,310.0,160.0,293.0,190.0,75.4,6.15,68.7,21.2,75.4,21.3,71.9,6.07,173.0,131.0,198.0,100.0,98.3,77.7,99.0,74.0
ratapt_nifwd_sender,47.4,31.1,74.1,15.6,60.8,70.6,63.1,70.6,28.4,56.3,58.4,10.2,349.0,102.0,319.0,184.0,63.0,44.8,66.2,27.4,67.4,23.7,67.1,7.24,87.0,89.3,184.0,76.7,251.0,67.3,122.0,77.0
ratapt_nifwd_receiver,47.2,31.0,73.9,15.6,60.7,70.4,63.0,70.4,28.3,56.2,58.2,10.1,348.0,102.0,318.0,184.0,62.9,44.6,66.1,27.3,67.2,23.7,66.9,7.21,86.9,89.1,184.0,76.4,251.0,67.1,121.0,76.8
ratapt_nifwd_sender,55.1,68.1,50.1,26.3,73.5,29.0,60.0,10.4,53.1,23.5,46.0,58.2,215.0,113.0,488.0,139.0,68.7,12.3,48.1,61.3,74.2,22.9,68.5,44.7,308.0,87.4,96.1,86.7,107.0,83.9,97.6,87.6
ratapt_nifwd_receiver,54.9,67.9,49.9,26.2,73.3,28.9,59.7,10.4,52.9,23.4,45.8,57.9,215.0,113.0,487.0,138.0,68.4,12.3,48.0,61.1,74.0,22.8,68.3,44.5,307.0,87.2,95.9,86.5,106.0,83.7,97.4,87.4
ratapt_nifwd_sender,63.1,46.3,40.7,149.0,55.5,14.7,76.2,12.8,73.8,8.89,6.75,46.2,375.0,104.0,300.0,176.0,72.1,39.1,68.9,7.35,74.2,13.7,76.0,9.47,90.9,83.6,92.6,78.0,150.0,81.6,294.0,83.7
ratapt_nifwd_receiver,62.8,46.1,40.6,148.0,55.4,14.7,75.9,12.7,73.6,8.87,6.73,46.0,374.0,104.0,299.0,176.0,72.0,39.0,68.6,7.33,74.0,13.7,75.7,9.42,90.7,83.5,92.5,77.8,150.0,81.4,293.0,83.6
ratapt_nifwd_sender,53.9,53.1,76.3,42.3,71.8,22.9,71.1,47.1,65.9,38.1,6.44,54.7,416.0,147.0,295.0,96.0,71.4,32.2,71.0,12.0,72.8,26.6,54.2,10.6,101.0,79.4,213.0,137.0,100.0,77.6,168.0,77.6
ratapt_nifwd_receiver,53.7,52.9,76.0,42.2,71.5,22.8,70.8,47.0,65.7,38.0,6.42,54.4,416.0,146.0,294.0,95.8,71.3,32.0,70.9,12.0,72.5,26.5,54.0,10.6,100.0,79.1,212.0,137.0,100.0,77.3,168.0,77.5
ratapt_nifwd_sender,60.9,66.8,61.9,13.2,52.9,20.7,55.1,48.8,59.0,7.79,33.2,137.0,405.0,91.0,324.0,135.0,7.22,28.4,71.1,16.7,63.9,14.8,69.0,66.1,204.0,81.1,117.0,80.1,101.0,64.7,222.0,82.8
ratapt_nifwd_receiver,60.6,66.6,61.8,13.1,52.7,20.6,54.9,48.5,58.8,7.75,33.1,136.0,404.0,90.8,323.0,134.0,7.2,28.3,70.9,16.6,63.6,14.8,68.9,65.9,204.0,81.0,117.0,80.0,101.0,64.4,222.0,82.6
ratapt_nifwd_sender,61.4,9.39,70.9,67.1,65.3,14.5,54.5,34.6,7.14,31.8,58.2,54.8,227.0,146.0,483.0,98.1,66.3,31.6,68.2,28.0,95.9,57.5,66.7,10.3,139.0,105.0,81.2,81.5,292.0,102.0,71.2,81.0
ratapt_nifwd_receiver,61.3,9.34,70.7,66.8,65.1,14.5,54.3,34.4,7.11,31.6,57.7,54.6,227.0,146.0,482.0,97.6,66.0,31.5,68.0,27.9,95.5,57.4,66.5,10.3,139.0,105.0,81.0,81.3,291.0,102.0,71.1,80.8
ratapt_nifwd_sender,84.2,16.8,73.0,12.3,65.9,28.9,68.1,59.0,67.4,45.1,19.6,16.8,240.0,207.0,394.0,112.0,64.1,30.2,63.9,28.0,73.9,25.4,70.9,39.4,161.0,82.4,176.0,82.7,199.0,81.9,87.7,83.1
ratapt_nifwd_receiver,84.0,16.8,72.7,12.3,65.7,28.8,67.9,58.9,67.2,45.0,19.6,16.8,240.0,207.0,393.0,112.0,63.9,30.1,63.8,28.0,73.8,25.3,70.8,39.3,160.0,82.1,176.0,82.5,198.0,81.8,87.5,82.9
ratapt_nifwd_sender,106.0,34.5,67.0,10.3,64.1,17.5,63.2,58.0,49.3,52.0,6.74,51.4,413.0,99.4,346.0,96.8,36.0,29.8,68.1,59.2,73.4,23.6,62.6,22.4,118.0,88.3,187.0,131.0,95.9,91.3,154.0,88.8
ratapt_nifwd_receiver,106.0,34.4,66.7,10.3,63.9,17.4,62.9,57.9,49.2,51.8,6.72,51.2,412.0,99.2,345.0,96.6,35.9,29.7,67.9,59.1,73.1,23.6,62.4,22.3,118.0,88.1,187.0,131.0,95.7,90.9,154.0,88.7
ratapt_nifwd_sender,69.5,65.9,101.0,29.5,66.6,65.5,76.9,10.4,43.1,14.3,10.6,38.0,229.0,187.0,383.0,156.0,70.4,40.8,74.7,17.0,62.0,9.63,76.4,12.2,120.0,74.1,102.0,78.9,294.0,76.9,129.0,78.7
ratapt_nifwd_receiver,69.2,65.7,100.0,29.3,66.4,65.2,76.7,10.3,43.1,14.2,10.5,37.9,228.0,186.0,382.0,156.0,70.2,40.6,74.4,16.9,61.9,9.58,76.2,12.2,120.0,73.8,102.0,78.7,293.0,76.6,129.0,78.6
ratapt_nifwd_sender,76.6,25.9,70.0,36.4,78.8,16.1,72.2,13.6,79.0,21.0,10.3,21.7,319.0,120.0,418.0,97.9,77.7,35.2,65.1,23.5,82.0,53.2,68.8,26.6,107.0,90.8,98.6,88.8,135.0,88.1,152.0,195.0
ratapt_nifwd_receiver,76.5,25.8,69.8,36.3,78.6,16.1,71.9,13.5,78.9,20.9,10.3,21.6,318.0,120.0,417.0,97.7,77.5,35.2,64.8,23.5,81.6,53.0,68.7,26.6,107.0,90.7,98.5,88.6,134.0,87.9,152.0,194.0
ratapt_nifwd_sender,59.4,60.4,79.0,36.7,64.0,35.4,74.4,6.36,71.2,70.5,10.9,8.03,419.0,179.0,257.0,98.9,53.4,26.1,71.1,49.1,51.6,18.6,80.0,27.0,89.2,83.6,106.0,83.2,147.0,85.3,275.0,83.9
ratapt_nifwd_receiver,59.2,60.3,78.8,36.6,63.8,35.3,74.2,6.34,70.9,70.2,10.8,8.0,418.0,179.0,256.0,98.7,53.3,26.0,70.9,49.0,51.3,18.5,79.9,26.9,89.0,83.4,106.0,83.0,147.0,85.0,274.0,83.7
ratapt_nifwd_sender,80.8,13.1,66.0,67.3,80.0,15.3,56.9,7.24,77.9,32.8,57.3,24.6,289.0,229.0,327.0,107.0,61.7,8.48,65.7,8.7,57.9,37.4,68.8,64.7,104.0,105.0,103.0,78.7,201.0,76.9,209.0,75.2
ratapt_nifwd_receiver,80.7,13.1,65.8,67.1,79.7,15.3,56.7,7.22,77.7,32.7,57.1,24.5,289.0,229.0,326.0,107.0,61.5,8.43,65.5,8.68,57.7,37.3,68.7,64.5,104.0,104.0,102.0,78.5,201.0,76.7,208.0,75.0
ratapt_nifwd_sender,67.3,37.9,77.3,35.3,74.4,28.7,81.9,7.21,61.5,8.42,7.21,41.7,420.0,155.0,276.0,103.0,74.3,15.9,49.5,47.9,74.5,19.1,75.4,67.4,90.8,135.0,284.0,84.2,90.2,82.7,102.0,83.8
ratapt_nifwd_receiver,67.1,37.8,77.2,35.2,74.1,28.5,81.7,7.18,61.3,8.4,7.18,41.6,420.0,154.0,275.0,102.0,74.0,15.9,49.4,47.8,74.4,19.0,75.2,67.3,90.6,135.0,283.0,84.0,90.0,82.6,102.0,83.7
ratapt_nifwd_sender,76.5,68.2,56.8,38.6,65.8,49.1,54.1,6.99,75.6,38.9,13.0,17.7,269.0,230.0,339.0,115.0,78.5,10.7,68.0,23.9,71.3,34.2,69.2,36.3,211.0,87.6,185.0,93.0,106.0,8.84,169.0,92.6
ratapt_nifwd_receiver,76.3,68.1,56.7,38.5,65.6,49.0,53.7,6.96,75.5,38.8,12.9,17.6,268.0,230.0,338.0,115.0,78.3,10.7,67.9,23.8,71.1,34.2,69.0,36.2,211.0,87.4,184.0,92.8,106.0,8.83,169.0,92.4
ratapt_nifwd_sender,74.8,33.1,79.3,71.9,9.38,9.74,82.9,10.7,75.2,48.5,8.17,46.4,451.0,96.1,313.0,95.5,41.6,16.5,84.0,34.7,74.2,27.0,83.4,42.5,96.6,92.3,109.0,144.0,133.0,91.8,193.0,92.6
ratapt_nifwd_receiver,74.6,33.0,79.1,71.6,9.34,9.72,82.7,10.7,75.0,48.4,8.15,46.3,449.0,95.9,312.0,95.3,41.3,16.5,83.8,34.6,73.9,26.9,83.2,42.4,96.4,92.1,109.0,144.0,133.0,91.7,193.0,92.4
ratapt_nifwd_sender,73.6,6.46,73.1,40.4,71.8,71.3,48.5,6.45,65.4,63.7,12.6,16.2,357.0,155.0,259.0,183.0,65.6,22.1,65.0,10.3,107.0,49.8,74.5,10.1,128.0,80.7,329.0,75.3,86.9,82.1,92.6,80.1
ratapt_nifwd_receiver,73.4,6.44,72.9,40.2,71.5,71.0,48.4,6.42,65.1,63.6,12.6,16.1,356.0,155.0,259.0,183.0,65.4,22.0,64.8,10.3,107.0,49.6,74.3,10.0,127.0,80.6,328.0,75.1,86.7,81.8,92.4,79.9
ratapt_nifwd_sender,60.0,44.8,70.1,23.0,74.2,9.67,54.6,8.53,60.3,69.4,94.6,50.1,333.0,262.0,260.0,99.6,53.0,12.5,70.5,23.3,74.5,11.6,64.7,23.6,143.0,75.4,154.0,95.1,156.0,70.2,185.0,74.7
ratapt_nifwd_receiver,59.9,44.6,69.9,22.9,74.0,9.62,54.4,8.51,60.2,69.2,94.2,50.0,332.0,262.0,259.0,99.4,52.8,12.5,70.3,23.2,74.3,11.6,64.4,23.6,142.0,75.2,154.0,94.7,156.0,69.9,185.0,74.5
ratapt_nifwd_sender,74.1,51.4,73.5,17.1,72.7,34.3,54.6,6.31,74.4,50.6,45.5,22.9,225.0,101.0,425.0,203.0,65.4,19.4,72.1,51.8,40.3,10.0,66.1,51.1,247.0,80.0,132.0,79.7,155.0,79.3,85.8,95.4
ratapt_nifwd_receiver,73.9,51.1,73.2,17.0,72.5,34.2,54.2,6.28,74.2,50.3,45.3,22.9,225.0,101.0,424.0,202.0,65.2,19.3,71.8,51.7,40.2,9.99,65.8,51.0,247.0,79.7,131.0,79.4,154.0,79.0,85.5,95.0
ratapt_nifwd_sender,71.1,16.3,67.1,66.3,74.3,43.5,51.7,35.5,67.8,8.36,8.1,66.5,277.0,163.0,411.0,103.0,64.3,9.75,85.5,19.6,64.5,53.9,65.0,15.1,89.8,78.3,183.0,78.1,245.0,118.0,83.6,77.6
ratapt_nifwd_receiver,70.8,16.2,66.8,65.9,74.0,43.4,51.5,35.3,67.5,8.32,8.07,66.2,276.0,163.0,409.0,103.0,64.1,9.71,85.1,19.5,64.4,53.7,64.7,15.1,89.6,78.1,182.0,77.9,244.0,118.0,83.3,77.4
ratapt_nifwd_sender,80.2,23.7,74.6,8.39,74.7,22.0,73.9,23.7,76.7,63.0,6.66,34.1,220.0,187.0,455.0,93.3,78.8,27.8,60.8,10.3,80.2,19.1,59.5,55.9,105.0,9.06,131.0,88.9,239.0,130.0,92.6,158.0
ratapt_nifwd_receiver,80.0,23.6,74.3,8.31,74.6,21.9,73.7,23.6,76.5,62.8,6.64,34.0,219.0,186.0,454.0,93.2,78.6,27.8,60.7,10.3,80.0,19.1,59.2,55.8,105.0,9.04,131.0,88.8,238.0,130.0,92.5,158.0
ratapt_nifwd_sender,71.4,48.7,69.9,69.3,72.6,54.3,72.3,6.55,35.6,52.9,7.53,36.0,445.0,110.0,305.0,92.9,70.3,24.7,72.8,14.0,51.2,28.0,54.3,40.1,112.0,84.4,272.0,85.1,95.2,120.0,98.1,85.4
ratapt_nifwd_receiver,71.0,48.5,69.6,69.1,72.4,54.1,72.1,6.52,35.5,52.7,7.5,36.0,443.0,110.0,304.0,92.7,70.1,24.6,72.6,13.9,51.0,27.9,54.2,40.0,111.0,84.2,271.0,84.8,95.0,120.0,97.9,85.2
ratapt_nifwd_sender,54.4,70.7,72.9,18.6,84.7,38.8,70.4,6.82,75.5,30.3,6.58,42.3,366.0,111.0,369.0,108.0,51.0,9.82,41.7,44.8,57.8,69.5,43.8,63.6,99.8,85.0,193.0,86.2,165.0,80.7,158.0,85.6
ratapt_nifwd_receiver,54.3,70.5,72.7,18.6,84.2,38.6,70.1,6.8,75.3,30.2,6.56,42.2,365.0,111.0,368.0,108.0,50.8,9.79,41.7,44.7,57.5,69.4,43.7,63.4,99.6,84.8,192.0,86.1,165.0,80.4,158.0,85.4
ratapt_nifwd_sender,59.6,68.1,45.7,46.6,50.3,60.8,73.8,6.15,54.1,37.6,87.2,20.7,384.0,106.0,252.0,214.0,70.2,7.63,44.9,13.0,37.0,13.3,149.0,8.4,100.0,88.2,103.0,89.4,200.0,84.9,199.0,89.3
ratapt_nifwd_receiver,59.5,67.9,45.6,46.5,50.2,60.6,73.5,6.13,54.0,37.4,86.7,20.6,383.0,106.0,252.0,213.0,70.0,7.6,44.7,13.0,36.8,13.3,149.0,8.37,100.0,88.0,103.0,89.2,200.0,84.7,199.0,89.2
ratapt_nifwd_sender,58.9,45.2,73.0,12.5,48.7,16.1,72.3,10.9,69.0,59.3,6.54,13.5,364.0,91.8,368.0,131.0,70.4,34.7,70.4,47.1,93.3,11.7,70.0,70.2,107.0,126.0,164.0,92.5,142.0,53.8,131.0,137.0
ratapt_nifwd_receiver,58.8,45.1,72.8,12.5,48.6,16.0,72.1,10.9,68.8,59.2,6.52,13.5,363.0,91.6,367.0,131.0,70.2,34.6,70.1,47.0,93.0,11.7,69.9,70.0,107.0,126.0,164.0,92.3,142.0,53.6,131.0,136.0
ratapt_nifwd_sender,53.0,68.4,74.7,19.9,77.0,18.7,55.9,6.15,70.4,37.0,20.7,135.0,406.0,95.1,292.0,162.0,46.4,28.1,39.3,22.5,75.5,18.9,65.4,21.0,106.0,82.7,217.0,83.6,120.0,64.0,189.0,91.0
ratapt_nifwd_receiver,52.8,68.2,74.6,19.8,76.7,18.7,55.7,6.13,70.2,36.9,20.6,135.0,405.0,94.9,291.0,161.0,46.2,28.0,39.2,22.5,75.2,18.9,65.2,20.9,106.0,82.5,217.0,83.4,120.0,63.7,189.0,90.7
ratapt_nifwd_sender,62.6,35.8,69.4,35.0,61.5,51.3,33.2,8.98,45.4,66.7,6.46,69.1,265.0,193.0,373.0,123.0,10.0,7.35,229.0,8.74,40.8,14.4,59.4,39.4,286.0,69.9,94.4,76.5,183.0,77.0,88.8,78.4
ratapt_nifwd_receiver,62.5,35.7,69.2,34.9,61.3,51.1,33.0,8.94,45.3,66.5,6.45,68.7,265.0,192.0,373.0,122.0,9.9,7.32,228.0,8.71,40.7,14.4,59.2,39.3,285.0,69.7,94.1,76.3,183.0,76.8,88.6,78.2
ratapt_nifwd_sender,46.8,59.6,74.6,11.2,70.6,24.8,67.2,7.15,69.5,129.0,11.8,129.0,356.0,126.0,342.0,131.0,32.1,21.4,7.02,15.5,62.7,29.0,69.8,15.6,145.0,56.5,160.0,70.5,171.0,74.2,221.0,54.8
ratapt_nifwd_receiver,46.7,59.4,74.5,11.1,70.4,24.7,67.0,7.11,69.3,129.0,11.6,129.0,356.0,125.0,342.0,130.0,32.0,21.3,6.99,15.4,62.5,28.9,69.6,15.5,145.0,56.3,160.0,70.4,171.0,74.1,220.0,54.7
ratapt_nifwd_sender,71.9,21.5,59.8,36.4,74.6,29.8,72.8,8.78,132.0,10.6,64.7,11.4,257.0,107.0,410.0,180.0,35.0,29.8,72.0,52.8,74.2,16.3,48.0,31.2,106.0,93.0,121.0,92.3,204.0,141.0,105.0,90.6
ratapt_nifwd_receiver,71.7,21.5,59.7,36.2,74.3,29.7,72.7,8.76,131.0,10.5,64.5,11.4,256.0,107.0,409.0,180.0,34.9,29.7,71.7,52.7,74.0,16.3,47.9,31.1,106.0,92.7,121.0,92.1,204.0,141.0,105.0,90.5
ratapt_nifwd_sender,68.3,43.6,75.9,9.28,68.6,63.3,71.6,6.26,66.8,16.5,8.33,17.5,353.0,95.7,409.0,96.6,45.9,25.8,84.7,10.8,55.4,54.5,99.5,60.9,195.0,142.0,101.0,145.0,102.0,82.6,103.0,82.9
ratapt_nifwd_receiver,68.1,43.6,75.7,9.25,68.4,63.1,71.4,6.23,66.7,16.4,8.31,17.5,352.0,95.5,408.0,96.4,45.6,25.8,84.4,10.8,55.2,54.4,99.2,60.7,194.0,142.0,101.0,144.0,102.0,82.4,103.0,82.7
ratapt_nifwd_sender,67.0,69.5,76.2,13.2,55.3,10.3,75.4,6.13,67.8,21.3,7.14,9.07,372.0,102.0,299.0,182.0,121.0,41.5,75.3,6.65,72.7,31.1,64.7,63.7,99.6,86.2,241.0,88.6,99.8,135.0,116.0,88.6
ratapt_nifwd_receiver,66.8,69.2,76.0,13.2,55.1,10.2,75.2,6.12,67.5,21.3,7.13,9.03,371.0,102.0,299.0,182.0,120.0,41.3,75.1,6.61,72.5,31.0,64.4,63.6,99.5,85.9,241.0,88.4,99.6,134.0,115.0,88.5
ratapt_nifwd_sender,67.3,67.1,63.3,7.27,63.6,57.8,31.5,8.75,12.7,14.1,6.78,12.1,280.0,137.0,313.0,223.0,17.2,13.9,74.5,33.9,341.0,12.8,38.7,9.81,86.1,85.7,214.0,87.1,87.5,86.7,210.0,95.6
ratapt_nifwd_receiver,67.1,66.9,63.2,7.24,63.3,57.6,31.4,8.71,12.6,14.0,6.76,12.1,279.0,137.0,313.0,223.0,17.2,13.8,74.2,33.8,340.0,12.7,38.6,9.76,85.9,85.5,214.0,86.8,87.2,86.5,210.0,95.1
ratapt_nifwd_sender,67.6,20.9,87.7,60.6,71.5,33.3,84.3,6.38,44.4,71.3,48.4,8.74,400.0,123.0,263.0,167.0,67.4,8.84,88.6,21.6,40.5,10.6,86.8,23.2,137.0,78.0,171.0,129.0,126.0,111.0,122.0,79.6
ratapt_nifwd_receiver,67.4,20.8,87.4,60.4,71.3,33.3,84.1,6.37,44.3,71.0,48.2,8.71,399.0,123.0,263.0,166.0,67.2,8.8,88.3,21.6,40.3,10.6,86.6,23.1,136.0,77.7,171.0,128.0,126.0,110.0,122.0,79.3
ratapt_nifwd_sender,72.7,20.9,127.0,6.08,71.2,61.2,78.3,5.67,66.0,33.4,58.0,11.1,384.0,90.1,256.0,225.0,62.4,6.1,68.5,39.8,65.3,9.19,77.1,12.9,134.0,190.0,111.0,79.3,99.2,78.2,177.0,83.5
ratapt_nifwd_receiver,72.5,20.9,127.0,6.05,71.0,61.1,78.0,5.65,65.8,33.2,57.9,11.1,383.0,89.8,255.0,225.0,62.2,6.07,68.3,39.7,65.0,9.16,76.7,12.8,134.0,190.0,111.0,79.1,99.1,78.0,177.0,83.3
ratapt_nifwd_sender,70.6,51.5,69.1,21.7,70.8,16.6,80.6,16.2,76.8,27.8,60.0,15.2,291.0,93.1,296.0,276.0,76.5,14.1,72.4,44.4,75.9,6.99,78.7,7.44,131.0,90.1,106.0,93.9,161.0,89.3,192.0,89.7
ratapt_nifwd_receiver,70.5,51.4,68.9,21.6,70.6,16.6,80.4,16.1,76.6,27.7,59.7,15.2,290.0,92.9,295.0,274.0,76.3,14.0,72.3,44.2,75.7,6.96,78.5,7.42,130.0,89.9,106.0,93.6,161.0,89.1,192.0,89.6
ratapt_nifwd_sender,72.4,41.0,60.7,130.0,32.1,23.8,73.1,6.49,70.6,30.4,6.58,85.8,444.0,98.9,215.0,196.0,87.0,6.47,48.1,39.1,64.8,9.13,58.9,7.39,86.6,40.4,356.0,92.7,96.8,52.5,135.0,92.9
ratapt_nifwd_receiver,72.2,40.9,60.5,130.0,32.0,23.8,72.9,6.47,70.3,30.3,6.57,85.5,442.0,98.6,215.0,196.0,86.7,6.45,47.9,38.9,64.6,9.1,58.7,7.35,86.4,40.2,355.0,92.6,96.7,52.3,135.0,92.8
ratapt_nifwd_sender,76.2,43.6,154.0,28.7,75.0,41.3,68.8,11.9,53.7,31.6,19.3,7.64,240.0,165.0,327.0,222.0,69.1,6.22,39.2,10.5,75.2,65.4,67.1,7.98,222.0,77.1,110.0,78.1,143.0,77.4,168.0,78.1
ratapt_nifwd_receiver,76.0,43.5,154.0,28.6,74.8,41.2,68.6,11.8,53.6,31.5,19.1,7.62,239.0,165.0,326.0,221.0,68.9,6.2,39.1,10.5,75.0,65.1,67.0,7.95,222.0,76.9,110.0,77.9,142.0,77.1,167.0,77.9
ratapt_nifwd_sender,77.3,43.3,92.2,35.1,68.6,59.6,75.2,6.47,77.6,8.9,7.07,28.6,274.0,216.0,361.0,104.0,76.3,14.9,76.8,15.9,75.2,9.87,64.9,39.3,91.9,78.1,120.0,80.1,214.0,79.2,156.0,134.0
ratapt_nifwd_receiver,77.1,43.0,92.0,35.0,68.4,59.4,75.1,6.45,77.4,8.86,7.05,28.5,273.0,215.0,360.0,104.0,76.0,14.9,76.6,15.9,74.9,9.84,64.8,39.2,91.7,77.9,120.0,79.8,213.0,79.0,155.0,134.0
ratapt_nifwd_sender,73.2,60.6,74.4,15.8,67.8,38.6,77.6,11.1,54.6,32.6,7.07,11.9,378.0,189.0,280.0,106.0,74.4,13.1,74.1,8.83,68.2,41.7,138.0,8.36,140.0,85.0,102.0,116.0,96.9,78.3,200.0,135.0
ratapt_nifwd_receiver,72.9,60.5,74.2,15.7,67.6,38.6,77.3,11.1,54.5,32.5,7.05,11.8,377.0,189.0,279.0,105.0,74.2,13.1,74.0,8.8,68.0,41.6,138.0,8.33,139.0,84.8,102.0,116.0,96.7,78.0,200.0,135.0
ratapt_nifwd_sender,108.0,7.46,79.0,51.6,70.9,16.0,78.1,32.7,61.5,49.4,7.4,38.6,330.0,172.0,361.0,91.5,72.5,7.0,58.8,37.9,72.7,38.9,7.0,57.5,112.0,75.2,257.0,78.9,127.0,120.0,105.0,78.7
ratapt_nifwd_receiver,108.0,7.41,78.9,51.3,70.6,16.0,78.0,32.5,61.4,49.2,7.38,38.5,329.0,172.0,360.0,91.3,72.2,6.97,58.5,37.8,72.4,38.7,6.98,57.4,112.0,75.0,257.0,78.7,127.0,119.0,104.0,78.4
ratapt_nifwd_sender,73.6,68.4,74.7,26.9,87.9,24.5,70.1,6.09,156.0,43.3,6.83,11.4,260.0,194.0,316.0,184.0,64.0,6.11,72.3,7.94,91.5,37.2,7.07,17.6,93.5,72.1,202.0,94.6,128.0,77.7,203.0,82.7
ratapt_nifwd_receiver,73.4,68.2,74.6,26.8,87.6,24.4,70.0,6.07,155.0,43.1,6.81,11.4,260.0,193.0,316.0,183.0,63.8,6.1,72.0,7.91,91.2,37.1,7.0,17.5,93.4,71.8,201.0,94.2,127.0,77.6,202.0,82.4
ratapt_nifwd_sender,77.8,17.2,65.0,28.4,77.7,19.3,70.8,9.79,77.3,47.1,23.7,15.6,227.0,110.0,508.0,110.0,74.3,44.2,57.7,31.2,125.0,53.0,6.45,31.9,113.0,99.2,130.0,92.5,183.0,92.7,92.7,152.0
ratapt_nifwd_receiver,77.5,17.1,64.8,28.3,77.4,19.2,70.4,9.74,77.1,46.9,23.6,15.5,226.0,110.0,507.0,110.0,74.2,44.0,57.5,31.1,125.0,52.9,6.44,31.9,113.0,99.0,130.0,92.3,183.0,92.5,92.5,151.0
ratapt_nifwd_sender,65.4,23.9,70.0,72.5,43.4,73.1,69.7,6.99,62.3,48.3,46.3,45.9,354.0,109.0,383.0,109.0,64.3,6.62,68.2,72.6,38.3,6.56,52.7,17.0,102.0,92.5,94.1,90.9,225.0,88.8,170.0,90.1
ratapt_nifwd_receiver,65.2,23.9,69.6,72.2,43.4,73.0,69.5,6.97,62.1,48.2,46.2,45.8,353.0,109.0,382.0,108.0,64.1,6.6,68.1,72.4,38.2,6.54,52.5,17.0,102.0,92.3,93.9,90.8,225.0,88.6,170.0,89.9
ratapt_nifwd_sender,47.5,29.2,79.8,39.5,73.1,36.8,81.0,56.2,71.3,43.2,13.8,19.3,228.0,108.0,428.0,190.0,44.2,6.74,98.3,58.0,62.0,6.47,57.3,29.4,340.0,82.2,97.5,83.0,88.7,82.6,96.6,83.0
ratapt_nifwd_receiver,47.4,29.1,79.4,39.4,72.9,36.7,80.7,56.1,71.1,43.1,13.7,19.3,228.0,107.0,428.0,189.0,44.1,6.72,97.8,57.9,61.8,6.46,57.1,29.4,339.0,81.9,97.4,82.7,88.5,82.4,96.5,82.8
ratapt_nifwd_sender,89.9,68.3,78.8,32.4,82.0,44.3,76.6,8.68,80.7,12.0,7.71,10.3,273.0,164.0,330.0,187.0,80.5,6.23,77.0,10.0,80.6,36.2,59.8,12.4,112.0,76.4,189.0,79.6,157.0,127.0,136.0,78.6
ratapt_nifwd_receiver,89.7,68.2,78.5,32.3,81.7,44.2,76.4,8.65,80.5,12.0,7.68,10.2,272.0,164.0,330.0,187.0,80.2,6.21,76.8,9.99,80.5,36.0,59.6,12.3,112.0,76.3,188.0,79.5,156.0,127.0,135.0,78.4
