ratapt_ifwd_sender,54.1,47.7,6.45,48.8,49.0,21.9,102.0,28.9,80.2,47.4,194.0,55.9,297.0,266.0,289.0,104.0,24.2,19.2,6.83,10.4,4.88,47.0,104.0,5.1,260.0,60.8,167.0,72.0,184.0,74.2,88.6,47.9
ratapt_ifwd_receiver,53.9,47.3,6.42,48.5,48.9,21.8,102.0,28.7,79.9,47.1,193.0,55.6,296.0,266.0,289.0,103.0,24.1,19.2,6.8,10.3,4.86,46.8,103.0,5.07,260.0,60.6,167.0,71.8,184.0,74.1,88.2,47.8
ratapt_ifwd_sender,68.4,55.5,72.7,62.1,69.2,22.8,98.0,14.7,77.3,6.46,74.6,7.78,292.0,94.4,288.0,280.0,55.9,7.6,70.7,19.8,76.3,7.6,54.7,30.8,101.0,87.2,101.0,86.1,213.0,84.0,194.0,85.7
ratapt_ifwd_receiver,68.3,55.4,72.6,62.0,68.9,22.7,97.4,14.6,77.1,6.42,74.2,7.75,291.0,94.2,287.0,278.0,55.8,7.57,70.4,19.8,76.0,7.56,54.6,30.7,101.0,87.0,101.0,85.9,212.0,83.8,194.0,85.5
ratapt_ifwd_sender,148.0,18.5,68.3,45.1,73.1,37.2,70.7,27.5,69.1,14.4,68.5,11.5,395.0,182.0,277.0,101.0,47.7,29.7,72.3,30.2,37.1,20.2,58.1,6.84,89.7,116.0,177.0,89.6,95.7,133.0,162.0,90.1
ratapt_ifwd_receiver,148.0,18.4,68.2,44.8,72.9,37.0,70.5,27.5,68.9,14.3,68.4,11.4,394.0,181.0,277.0,101.0,47.6,29.7,72.1,30.1,37.0,20.1,57.8,6.81,89.6,116.0,177.0,89.4,95.5,133.0,161.0,89.8
ratapt_ifwd_sender,69.6,19.0,67.0,19.2,62.2,27.9,65.3,58.3,68.0,57.3,61.8,6.0,421.0,163.0,210.0,162.0,61.1,6.38,72.3,25.9,61.2,60.5,54.2,31.5,88.5,79.4,285.0,79.3,125.0,79.1,139.0,79.8
ratapt_ifwd_receiver,69.3,18.9,66.9,19.1,62.0,27.8,65.0,58.0,67.8,57.2,61.6,5.98,419.0,162.0,210.0,161.0,60.9,6.34,72.1,25.8,61.0,60.4,54.1,31.4,88.3,79.1,284.0,79.1,124.0,78.9,138.0,79.6
ratapt_ifwd_sender,65.0,11.4,75.1,15.8,54.7,119.0,41.7,23.6,76.2,23.8,68.5,9.2,301.0,89.9,410.0,155.0,75.1,27.4,40.7,20.4,77.3,7.59,52.9,69.0,101.0,82.2,122.0,106.0,204.0,115.0,144.0,80.5
ratapt_ifwd_receiver,64.9,11.4,74.9,15.7,54.5,118.0,41.6,23.5,76.0,23.8,68.3,9.16,301.0,89.6,408.0,154.0,74.9,27.3,40.6,20.4,77.0,7.57,52.8,68.7,101.0,82.1,122.0,106.0,203.0,115.0,144.0,80.3
ratapt_ifwd_sender,75.1,58.1,66.0,67.7,79.6,32.4,45.2,38.9,67.0,54.3,71.0,6.24,225.0,208.0,362.0,161.0,77.5,12.8,65.5,28.3,18.7,8.28,66.8,14.9,171.0,93.1,146.0,83.6,241.0,7.33,133.0,80.3
ratapt_ifwd_receiver,75.0,57.9,65.8,67.6,79.3,32.2,45.1,38.8,66.7,53.9,70.7,6.22,224.0,208.0,361.0,160.0,77.3,12.8,65.3,28.3,18.5,8.25,66.6,14.8,171.0,92.7,145.0,83.4,240.0,7.31,133.0,80.0
ratapt_ifwd_sender,74.3,43.3,78.4,30.2,70.6,15.7,78.8,16.6,67.8,6.71,71.5,53.4,405.0,118.0,323.0,110.0,73.0,15.4,79.6,66.7,6.67,18.5,77.8,9.38,158.0,194.0,136.0,88.4,100.0,80.3,109.0,88.5
ratapt_ifwd_receiver,74.1,43.1,78.2,30.2,70.4,15.6,78.5,16.5,67.7,6.67,71.3,53.1,404.0,118.0,322.0,109.0,72.9,15.3,79.4,66.4,6.63,18.4,77.7,9.36,157.0,193.0,136.0,88.1,99.8,80.1,109.0,88.3
ratapt_ifwd_sender,29.9,67.6,70.6,27.0,79.2,63.4,21.8,10.4,66.4,8.33,245.0,6.62,453.0,97.4,209.0,195.0,30.9,31.2,71.1,43.1,9.05,9.8,54.1,8.88,183.0,94.2,92.9,94.5,102.0,93.6,191.0,102.0
ratapt_ifwd_receiver,29.8,67.3,70.4,26.9,78.9,63.3,21.7,10.4,66.2,8.29,244.0,6.49,452.0,97.2,208.0,194.0,30.8,31.1,70.8,43.0,9.02,9.76,53.9,8.84,182.0,94.0,92.8,94.4,102.0,93.4,190.0,101.0
ratapt_ifwd_sender,66.9,69.2,147.0,33.1,21.6,52.9,57.7,50.2,30.0,36.8,35.5,6.31,378.0,120.0,345.0,112.0,58.9,56.8,69.5,9.95,6.62,25.0,70.8,48.8,119.0,82.1,145.0,81.6,273.0,81.3,84.5,87.6
ratapt_ifwd_receiver,66.7,69.1,147.0,33.0,21.6,52.8,57.6,50.0,30.0,36.7,35.3,6.3,377.0,120.0,344.0,111.0,58.8,56.6,69.4,9.91,6.61,24.9,70.6,48.6,119.0,82.0,145.0,81.4,272.0,81.1,84.4,87.3
ratapt_ifwd_sender,80.4,16.2,67.5,55.8,78.7,29.1,55.4,17.1,80.7,62.0,71.3,6.38,270.0,107.0,351.0,226.0,80.6,18.1,44.8,18.0,33.2,67.3,60.0,12.1,175.0,80.0,127.0,79.9,156.0,78.9,177.0,80.0
ratapt_ifwd_receiver,80.2,16.1,67.1,55.7,78.5,29.1,55.3,17.0,80.4,61.9,71.2,6.35,269.0,107.0,350.0,226.0,80.4,18.0,44.8,17.9,33.1,67.0,59.9,12.0,175.0,79.8,127.0,79.7,156.0,78.7,177.0,79.7
ratapt_ifwd_sender,73.7,64.5,76.1,17.0,72.0,42.7,55.3,38.9,80.2,22.2,60.4,6.81,419.0,145.0,287.0,104.0,78.1,143.0,7.59,11.9,10.6,21.7,59.9,11.8,117.0,86.9,129.0,82.8,103.0,72.6,279.0,82.6
ratapt_ifwd_receiver,73.5,64.4,75.9,16.9,71.8,42.6,55.2,38.8,79.8,22.2,60.2,6.77,418.0,144.0,286.0,104.0,77.8,142.0,7.57,11.8,10.6,21.7,59.7,11.8,117.0,86.4,129.0,82.7,103.0,72.4,279.0,82.4
ratapt_ifwd_sender,73.3,82.8,72.7,38.7,70.9,8.8,49.4,71.7,77.9,27.6,71.0,6.44,323.0,118.0,332.0,180.0,65.8,41.1,74.7,8.35,7.57,10.2,72.3,21.4,217.0,83.5,108.0,82.6,118.0,77.6,173.0,93.5
ratapt_ifwd_receiver,73.0,82.5,72.5,38.6,70.7,8.76,49.2,71.5,77.5,27.5,70.8,6.43,323.0,118.0,331.0,180.0,65.7,41.0,74.4,8.32,7.55,10.2,72.2,21.3,217.0,83.4,107.0,82.4,118.0,77.4,173.0,93.2
ratapt_ifwd_sender,69.4,71.1,69.9,15.2,69.8,24.1,54.5,69.5,75.1,11.4,77.6,6.31,362.0,168.0,324.0,101.0,51.0,10.5,77.3,7.18,51.2,47.6,67.4,28.2,158.0,87.6,113.0,100.0,119.0,119.0,170.0,86.9
ratapt_ifwd_receiver,69.2,70.9,69.6,15.2,69.6,24.0,54.3,69.2,74.8,11.4,77.4,6.29,360.0,167.0,324.0,101.0,50.9,10.4,77.1,7.15,51.0,47.5,67.2,28.1,158.0,87.4,113.0,99.6,119.0,119.0,170.0,86.7
ratapt_ifwd_sender,71.1,8.44,56.9,29.6,69.1,36.5,67.4,51.3,35.6,67.6,103.0,7.51,447.0,116.0,294.0,98.5,69.7,36.5,74.5,12.3,6.41,37.1,69.9,43.4,176.0,79.2,199.0,170.0,80.7,79.6,89.4,79.8
ratapt_ifwd_receiver,70.9,8.41,56.8,29.5,68.8,36.3,67.2,51.2,35.6,67.3,103.0,7.48,446.0,116.0,293.0,98.2,69.4,36.4,74.1,12.2,6.4,37.0,69.7,43.2,175.0,79.0,199.0,170.0,80.5,79.4,89.3,79.6
ratapt_ifwd_sender,69.4,71.1,77.2,18.3,67.3,34.4,61.6,68.0,74.4,64.0,80.3,6.39,448.0,120.0,284.0,103.0,56.4,9.74,78.8,8.56,21.8,7.62,59.5,19.8,121.0,175.0,212.0,83.8,96.9,81.2,101.0,83.2
ratapt_ifwd_receiver,69.2,70.8,77.0,18.3,67.1,34.3,61.4,67.8,74.2,63.8,80.0,6.38,446.0,120.0,283.0,103.0,56.3,9.71,78.6,8.52,21.6,7.6,59.3,19.7,121.0,174.0,212.0,83.5,96.7,81.1,101.0,83.0
ratapt_ifwd_sender,74.1,11.8,68.2,55.1,59.5,26.9,12.9,17.6,71.8,12.7,105.0,5.85,280.0,226.0,357.0,92.5,72.3,6.01,155.0,8.71,6.51,132.0,39.7,12.9,228.0,86.7,106.0,86.7,163.0,85.9,110.0,86.8
ratapt_ifwd_receiver,73.9,11.8,68.0,54.9,59.2,26.8,12.8,17.5,71.5,12.7,105.0,5.84,279.0,225.0,356.0,92.3,72.1,5.98,155.0,8.69,6.5,131.0,39.5,12.9,227.0,86.6,106.0,86.5,162.0,85.7,110.0,86.7
ratapt_ifwd_sender,103.0,27.6,72.3,67.1,99.4,7.6,6.76,27.8,46.0,38.6,70.8,6.49,261.0,105.0,482.0,106.0,80.1,38.2,61.7,52.4,7.37,6.87,69.1,65.2,212.0,85.7,98.3,102.0,146.0,77.3,93.7,140.0
ratapt_ifwd_receiver,103.0,27.5,72.1,66.9,99.1,7.56,6.75,27.7,45.9,38.4,70.6,6.47,261.0,105.0,481.0,106.0,79.8,38.1,61.5,52.3,7.36,6.84,68.9,65.0,211.0,85.5,98.0,102.0,146.0,77.2,93.6,139.0
ratapt_ifwd_sender,72.6,32.0,72.9,37.0,62.6,41.9,39.7,71.9,77.2,65.3,74.2,6.64,384.0,97.7,356.0,117.0,75.7,6.53,69.3,8.45,7.53,65.3,34.5,33.5,93.6,87.4,213.0,113.0,182.0,82.9,94.2,87.2
ratapt_ifwd_receiver,72.4,31.9,72.7,36.9,62.4,41.7,39.5,71.7,77.0,65.1,74.0,6.62,383.0,97.5,355.0,117.0,75.5,6.51,69.1,8.41,7.52,65.1,34.4,33.4,93.4,87.2,213.0,113.0,182.0,82.8,94.0,87.0
ratapt_ifwd_sender,41.5,64.0,66.9,35.8,80.2,27.5,6.33,73.3,80.2,27.9,217.0,7.02,400.0,174.0,200.0,179.0,60.2,5.78,72.8,7.49,8.87,30.1,33.1,8.15,178.0,75.4,110.0,89.8,103.0,73.6,249.0,75.1
ratapt_ifwd_receiver,41.4,63.7,66.7,35.7,80.0,27.4,6.32,73.1,79.9,27.8,216.0,6.99,400.0,174.0,200.0,179.0,60.0,5.76,72.6,7.45,8.82,30.0,33.0,8.13,178.0,75.3,109.0,89.4,103.0,73.4,248.0,74.9
ratapt_ifwd_sender,82.9,21.6,76.3,73.8,80.6,18.9,63.7,57.4,80.8,8.89,77.1,9.2,257.0,140.0,373.0,184.0,78.2,33.5,70.9,8.8,7.22,14.0,77.1,11.5,266.0,92.7,98.7,92.5,102.0,92.0,117.0,93.0
ratapt_ifwd_receiver,82.7,21.5,76.1,73.6,80.4,18.8,63.6,57.2,80.7,8.86,76.9,9.16,257.0,140.0,372.0,184.0,78.1,33.4,70.7,8.75,7.21,13.9,76.9,11.5,265.0,92.5,98.5,92.3,101.0,91.8,116.0,92.7
ratapt_ifwd_sender,90.0,37.1,81.6,36.7,122.0,14.8,30.8,13.2,89.1,37.4,80.2,7.09,294.0,300.0,251.0,109.0,89.1,6.87,83.4,15.3,10.5,15.5,80.0,12.2,128.0,90.5,103.0,89.4,130.0,79.0,243.0,88.9
ratapt_ifwd_receiver,89.7,37.0,81.4,36.6,122.0,14.7,30.6,13.1,88.9,37.4,80.0,7.07,294.0,299.0,251.0,109.0,89.0,6.85,83.2,15.2,10.4,15.5,79.8,12.2,128.0,90.2,103.0,89.2,130.0,78.8,243.0,88.8
ratapt_ifwd_sender,74.3,64.1,80.9,67.7,73.4,34.6,37.7,9.11,77.4,22.1,78.0,6.86,361.0,206.0,272.0,114.0,76.0,7.29,78.2,32.7,6.89,11.6,80.5,34.2,160.0,85.7,173.0,85.4,125.0,84.9,154.0,85.5
ratapt_ifwd_receiver,73.9,64.0,80.7,67.6,73.2,34.5,37.5,9.07,77.2,22.0,77.7,6.84,360.0,206.0,271.0,114.0,75.8,7.27,78.0,32.5,6.87,11.6,80.3,34.1,160.0,85.5,173.0,85.2,125.0,84.7,153.0,85.3
ratapt_ifwd_sender,80.9,36.9,72.5,44.4,80.0,11.2,63.8,70.9,81.6,26.0,61.4,6.59,389.0,148.0,308.0,109.0,81.1,6.57,75.1,28.3,9.95,24.6,73.0,19.9,111.0,95.6,197.0,93.8,121.0,94.1,104.0,138.0
ratapt_ifwd_receiver,80.7,36.8,72.4,44.3,79.8,11.2,63.6,70.6,81.4,25.9,61.3,6.52,389.0,147.0,308.0,109.0,80.8,6.54,74.9,28.1,9.92,24.5,72.9,19.8,110.0,95.4,196.0,93.7,121.0,93.9,104.0,138.0
ratapt_ifwd_sender,76.2,40.5,77.6,7.72,70.8,57.1,9.64,49.9,73.8,9.45,146.0,6.38,230.0,192.0,311.0,222.0,69.5,6.46,76.6,10.7,67.6,9.5,75.3,11.8,274.0,82.3,92.2,82.1,92.1,82.2,166.0,82.3
ratapt_ifwd_receiver,76.0,40.3,77.4,7.68,70.7,56.9,9.62,49.7,73.7,9.43,146.0,6.37,230.0,192.0,310.0,221.0,69.3,6.44,76.4,10.7,67.4,9.46,75.2,11.7,274.0,82.1,92.0,82.0,92.0,82.1,165.0,82.0
ratapt_ifwd_sender,80.4,51.9,82.6,16.8,82.0,44.0,7.18,50.2,81.0,7.37,80.0,7.23,413.0,152.0,275.0,113.0,78.5,6.63,79.9,47.7,7.49,42.0,68.8,31.2,104.0,90.0,249.0,115.0,106.0,89.3,112.0,88.6
ratapt_ifwd_receiver,80.1,51.7,82.4,16.7,81.8,43.9,7.16,50.1,80.8,7.33,79.8,7.21,413.0,151.0,275.0,113.0,78.3,6.62,79.7,47.6,7.41,41.9,68.6,31.1,104.0,89.8,249.0,114.0,106.0,89.0,111.0,88.5
ratapt_ifwd_sender,75.6,18.6,156.0,30.6,73.2,18.5,11.5,49.9,49.8,31.1,77.0,6.14,280.0,217.0,265.0,191.0,73.9,6.15,129.0,7.92,38.0,31.6,41.3,26.7,101.0,80.5,174.0,76.5,263.0,78.7,98.9,80.7
ratapt_ifwd_receiver,75.4,18.5,156.0,30.5,73.1,18.5,11.4,49.8,49.6,31.0,76.8,6.12,279.0,217.0,265.0,191.0,73.7,6.14,129.0,7.89,37.9,31.5,41.2,26.6,101.0,80.4,174.0,76.3,262.0,78.5,98.7,80.4
ratapt_ifwd_sender,78.8,33.6,80.1,22.6,130.0,52.6,69.2,13.5,76.3,9.56,52.8,6.57,409.0,231.0,220.0,95.5,73.9,6.6,80.5,30.5,8.32,14.6,73.5,40.6,88.5,83.7,176.0,145.0,89.7,84.1,203.0,83.9
ratapt_ifwd_receiver,78.5,33.5,79.9,22.6,130.0,52.5,68.9,13.4,76.1,9.53,52.7,6.55,408.0,230.0,220.0,95.3,73.8,6.59,80.2,30.4,8.23,14.6,73.3,40.5,88.3,83.5,176.0,145.0,89.6,83.9,202.0,83.7
ratapt_ifwd_sender,69.3,170.0,74.7,54.1,73.6,9.46,6.8,7.17,71.1,15.4,105.0,6.39,268.0,101.0,401.0,186.0,50.4,6.34,90.4,22.7,6.65,20.1,75.1,19.5,220.0,98.2,98.0,82.5,196.0,74.2,104.0,81.0
ratapt_ifwd_receiver,69.0,169.0,74.5,53.9,73.4,9.42,6.8,7.13,70.9,15.3,104.0,6.37,267.0,101.0,399.0,185.0,50.3,6.33,89.9,22.7,6.63,20.0,75.0,19.5,219.0,97.7,97.8,82.3,196.0,74.0,104.0,80.7
ratapt_ifwd_sender,79.7,36.2,75.0,6.79,72.8,52.0,36.0,16.5,74.7,11.6,86.5,30.3,375.0,244.0,231.0,105.0,75.1,6.1,71.9,55.8,57.6,39.7,63.6,6.1,116.0,76.2,300.0,76.1,104.0,113.0,90.4,78.1
ratapt_ifwd_receiver,79.5,36.0,74.7,6.75,72.5,51.8,35.7,16.4,74.5,11.6,86.1,30.2,374.0,243.0,230.0,104.0,74.8,6.08,71.6,55.6,57.3,39.6,63.4,6.08,116.0,75.9,299.0,75.8,103.0,113.0,90.2,77.8
ratapt_ifwd_sender,75.5,15.4,40.6,69.7,74.1,45.5,58.3,35.8,74.6,37.1,71.5,21.7,354.0,101.0,398.0,102.0,74.0,10.8,74.6,16.8,6.75,8.91,135.0,7.07,111.0,85.1,90.8,226.0,185.0,84.7,86.8,85.3
ratapt_ifwd_receiver,75.3,15.4,40.5,69.5,73.9,45.4,58.1,35.7,74.4,37.0,71.3,21.6,353.0,101.0,397.0,101.0,73.8,10.8,74.4,16.8,6.74,8.88,134.0,7.06,110.0,84.8,90.6,226.0,184.0,84.5,86.6,85.1
ratapt_ifwd_sender,72.1,73.2,73.3,31.8,81.6,18.6,10.1,38.2,74.6,39.3,74.6,6.37,266.0,199.0,375.0,113.0,72.4,6.81,124.0,33.3,7.23,40.5,69.7,6.4,177.0,87.1,134.0,85.3,202.0,86.8,93.6,87.2
ratapt_ifwd_receiver,71.8,72.9,73.1,31.7,81.1,18.6,10.1,38.0,74.3,39.2,74.4,6.35,266.0,199.0,375.0,113.0,72.2,6.8,123.0,33.3,7.21,40.4,69.4,6.38,177.0,87.0,134.0,85.1,202.0,86.6,93.4,87.0
ratapt_ifwd_sender,85.9,16.2,74.7,41.7,78.0,18.5,6.99,27.9,84.4,56.5,75.2,6.41,314.0,99.9,376.0,165.0,83.9,6.45,74.5,68.8,53.8,32.6,55.1,6.49,138.0,90.8,189.0,134.0,116.0,90.4,104.0,91.3
ratapt_ifwd_receiver,85.7,16.2,74.5,41.6,77.8,18.5,6.97,27.8,84.1,56.4,74.9,6.39,314.0,99.8,375.0,165.0,83.6,6.44,74.3,68.6,53.6,32.5,54.9,6.45,138.0,90.6,189.0,134.0,116.0,90.2,103.0,91.1
ratapt_ifwd_sender,85.6,67.8,84.4,16.2,82.0,29.3,9.28,7.97,82.3,26.6,86.6,27.5,406.0,102.0,268.0,179.0,80.4,7.04,83.4,29.2,12.4,16.0,112.0,7.67,101.0,90.0,201.0,90.2,105.0,136.0,110.0,121.0
ratapt_ifwd_receiver,85.4,67.6,84.1,16.2,81.7,29.3,9.25,7.93,82.1,26.4,86.4,27.4,405.0,101.0,267.0,179.0,80.3,7.01,83.1,29.1,12.3,15.9,111.0,7.65,100.0,89.8,201.0,90.0,105.0,135.0,109.0,120.0
ratapt_ifwd_sender,73.8,36.9,60.8,75.3,67.6,41.2,48.0,6.43,71.0,21.4,74.3,6.34,320.0,215.0,316.0,105.0,115.0,6.32,64.8,85.3,13.7,9.28,70.7,6.32,182.0,102.0,192.0,73.7,112.0,81.2,128.0,82.6
ratapt_ifwd_receiver,73.7,36.8,60.7,75.0,67.4,41.0,47.9,6.41,70.8,21.4,74.1,6.28,319.0,215.0,315.0,105.0,115.0,6.3,64.5,85.0,13.6,9.26,70.6,6.3,182.0,102.0,192.0,73.5,112.0,81.0,128.0,82.5
ratapt_ifwd_sender,92.8,54.7,76.8,17.0,73.3,30.4,56.7,56.0,71.0,16.7,71.3,6.33,292.0,256.0,292.0,113.0,70.8,9.98,76.0,61.8,6.85,19.9,78.5,6.4,185.0,76.4,182.0,75.5,164.0,75.9,119.0,75.5
ratapt_ifwd_receiver,92.6,54.5,76.6,16.9,73.1,30.3,56.6,55.8,70.8,16.6,71.1,6.31,291.0,256.0,291.0,113.0,70.6,9.96,75.8,61.6,6.83,19.8,78.3,6.38,184.0,76.2,182.0,75.3,163.0,75.8,119.0,75.2
ratapt_ifwd_sender,83.0,68.7,41.9,65.0,80.0,43.5,6.95,45.0,81.8,41.1,57.7,6.13,420.0,112.0,328.0,94.9,80.0,6.15,77.3,61.1,7.6,27.0,68.6,6.19,101.0,77.9,196.0,110.0,101.0,65.0,178.0,126.0
ratapt_ifwd_receiver,82.7,68.5,41.8,64.9,79.8,43.3,6.93,44.8,81.6,41.0,57.6,6.12,419.0,111.0,328.0,94.7,79.8,6.14,77.1,60.9,7.47,26.9,68.4,6.17,101.0,77.7,196.0,109.0,101.0,64.8,177.0,125.0
ratapt_ifwd_sender,82.0,26.2,77.0,63.5,80.3,14.2,7.31,27.9,75.9,36.2,72.0,6.68,361.0,172.0,305.0,117.0,80.3,9.47,154.0,33.1,9.96,8.88,77.3,13.3,155.0,98.8,129.0,99.0,111.0,129.0,135.0,98.7
ratapt_ifwd_receiver,81.8,26.1,76.8,63.4,80.0,14.2,7.27,27.9,75.6,35.9,71.9,6.66,360.0,172.0,305.0,117.0,80.2,9.44,154.0,33.0,9.91,8.86,77.1,13.2,155.0,98.7,128.0,98.9,111.0,128.0,135.0,98.6
ratapt_ifwd_sender,154.0,72.9,71.7,43.2,78.0,12.8,34.2,10.3,40.7,13.5,50.9,13.6,256.0,162.0,439.0,97.7,73.0,15.7,72.6,54.8,7.31,63.7,64.6,6.33,157.0,94.2,110.0,95.2,189.0,103.0,110.0,94.7
ratapt_ifwd_receiver,153.0,72.7,71.6,43.0,77.7,12.7,34.1,10.3,40.6,13.5,50.8,13.5,256.0,161.0,438.0,97.5,72.8,15.6,72.5,54.7,7.28,63.6,64.5,6.31,157.0,94.1,110.0,95.1,188.0,103.0,110.0,94.4
ratapt_ifwd_sender,79.2,72.0,67.2,37.9,71.7,71.8,40.4,16.0,64.7,25.4,71.4,7.1,387.0,167.0,297.0,104.0,67.4,6.49,72.4,45.4,8.3,11.4,72.2,46.3,119.0,83.2,220.0,83.4,158.0,82.9,114.0,93.4
ratapt_ifwd_receiver,78.9,71.8,67.0,37.9,71.4,71.6,40.3,15.9,64.5,25.3,71.2,7.07,386.0,167.0,296.0,103.0,67.2,6.47,72.2,45.3,8.27,11.4,72.0,46.2,118.0,83.0,220.0,83.1,158.0,82.7,114.0,93.2
ratapt_ifwd_sender,59.8,38.8,77.7,22.3,76.1,7.27,71.3,16.9,71.1,156.0,77.3,6.03,360.0,155.0,267.0,172.0,56.8,6.02,59.8,10.8,6.93,47.9,78.6,6.04,104.0,80.7,208.0,72.7,220.0,75.3,114.0,79.4
ratapt_ifwd_receiver,59.6,38.7,77.5,22.2,75.9,7.24,71.1,16.9,71.0,156.0,77.0,6.01,359.0,155.0,267.0,172.0,56.6,6.01,59.7,10.8,6.88,47.7,78.5,6.02,103.0,80.6,207.0,72.5,220.0,75.1,114.0,79.1
ratapt_ifwd_sender,80.7,38.8,75.9,28.6,77.7,25.0,6.89,8.9,79.5,24.2,87.7,6.51,303.0,235.0,311.0,106.0,77.6,11.1,134.0,9.25,49.2,52.9,71.5,9.49,105.0,83.3,111.0,82.8,183.0,83.5,158.0,149.0
ratapt_ifwd_receiver,80.5,38.5,75.7,28.6,77.5,25.0,6.87,8.87,79.2,24.1,87.4,6.5,303.0,234.0,311.0,105.0,77.4,11.0,133.0,9.21,48.9,52.8,71.3,9.45,105.0,83.1,110.0,82.5,183.0,83.3,157.0,148.0
ratapt_ifwd_sender,83.9,34.7,67.8,13.4,77.3,27.9,77.7,36.9,75.5,27.2,76.8,6.08,372.0,207.0,284.0,91.2,72.9,6.11,63.5,62.3,6.94,52.1,79.0,6.47,132.0,82.2,203.0,90.7,134.0,79.0,102.0,131.0
ratapt_ifwd_receiver,83.7,34.6,67.6,13.3,77.1,27.8,77.4,36.8,75.4,27.2,76.5,6.06,371.0,206.0,284.0,91.0,72.7,6.09,63.3,62.1,6.89,52.0,78.8,6.46,132.0,82.0,203.0,90.3,134.0,78.8,101.0,130.0
ratapt_ifwd_sender,76.9,25.3,73.1,13.1,69.4,12.1,63.3,11.2,75.6,8.43,228.0,6.29,234.0,259.0,265.0,196.0,76.5,6.4,56.9,33.0,6.96,31.2,74.0,6.43,101.0,86.1,97.6,85.7,315.0,86.2,96.3,86.1
ratapt_ifwd_receiver,76.7,25.2,72.9,13.1,69.2,12.0,63.0,11.2,75.3,8.4,227.0,6.26,234.0,259.0,265.0,196.0,76.3,6.36,56.7,32.9,6.87,31.1,73.9,6.39,100.0,86.0,97.3,85.5,314.0,86.0,96.1,86.0
ratapt_ifwd_sender,75.0,11.7,80.8,18.9,76.1,69.8,78.6,32.1,48.9,7.84,83.4,6.26,342.0,100.0,321.0,193.0,79.5,6.28,87.8,47.9,21.8,64.6,51.4,6.27,208.0,84.5,106.0,85.2,104.0,85.3,146.0,135.0
ratapt_ifwd_receiver,74.8,11.7,80.6,18.9,76.0,69.6,78.4,32.0,48.8,7.82,83.2,6.24,341.0,99.9,321.0,192.0,79.3,6.26,87.3,47.7,21.7,64.4,51.2,6.25,208.0,84.4,106.0,85.1,103.0,85.1,146.0,135.0
ratapt_ifwd_sender,104.0,46.8,76.2,19.6,84.4,22.8,9.66,21.1,90.2,42.6,76.4,6.74,381.0,107.0,270.0,196.0,75.4,10.8,71.8,73.2,7.53,31.9,75.8,6.81,105.0,92.6,112.0,90.9,108.0,91.6,262.0,91.3
ratapt_ifwd_receiver,103.0,46.7,75.9,19.5,84.2,22.8,9.63,21.1,89.9,42.5,76.2,6.71,380.0,107.0,269.0,196.0,75.3,10.7,71.5,73.0,7.5,31.8,75.6,6.8,105.0,92.4,112.0,90.8,107.0,91.4,261.0,91.1
ratapt_ifwd_sender,77.1,42.7,71.0,53.0,80.1,15.9,10.2,13.5,104.0,58.4,67.9,7.94,299.0,155.0,400.0,102.0,78.9,11.7,74.1,68.1,27.7,11.3,74.6,6.7,186.0,91.8,166.0,91.4,103.0,133.0,91.9,91.8
ratapt_ifwd_receiver,77.0,42.6,70.8,52.9,79.8,15.9,10.2,13.4,104.0,58.3,67.7,7.89,298.0,154.0,399.0,102.0,78.6,11.7,73.8,67.8,27.4,11.2,74.4,6.68,185.0,91.7,165.0,91.2,103.0,132.0,91.7,91.5
ratapt_ifwd_sender,77.8,50.2,61.0,11.5,16.0,36.1,12.6,39.4,77.0,127.0,233.0,6.4,315.0,195.0,332.0,112.0,78.3,18.8,48.2,6.5,9.91,28.2,9.81,6.46,90.1,79.7,172.0,76.7,291.0,79.6,85.9,79.4
ratapt_ifwd_receiver,77.6,50.1,60.8,11.5,16.0,36.1,12.5,39.3,76.7,127.0,233.0,6.39,314.0,194.0,331.0,112.0,78.1,18.6,48.0,6.48,9.88,28.2,9.76,6.45,89.9,79.4,172.0,76.5,290.0,79.4,85.7,79.2
ratapt_ifwd_sender,92.0,19.0,68.7,50.9,84.4,7.08,51.6,74.1,86.3,7.56,72.6,6.87,269.0,188.0,409.0,89.1,127.0,6.64,70.9,6.66,10.7,24.5,76.1,8.54,127.0,106.0,137.0,93.0,157.0,104.0,68.9,160.0
ratapt_ifwd_receiver,91.7,18.9,68.5,50.7,84.3,7.05,51.5,73.8,86.0,7.53,72.4,6.85,269.0,187.0,408.0,88.8,127.0,6.63,70.8,6.64,10.7,24.4,75.9,8.5,127.0,106.0,136.0,92.8,157.0,103.0,68.8,159.0
ratapt_ifwd_sender,73.4,24.5,57.3,70.2,73.4,26.4,13.4,45.4,71.6,78.0,76.3,46.9,386.0,104.0,359.0,104.0,67.1,6.99,74.1,6.97,6.52,52.8,75.6,7.02,187.0,94.2,198.0,95.0,89.5,94.4,99.6,95.5
ratapt_ifwd_receiver,73.2,24.5,57.1,69.9,73.2,26.3,13.3,45.3,71.5,77.8,76.0,46.8,385.0,104.0,359.0,104.0,66.9,6.97,74.1,6.96,6.51,52.6,75.4,7.0,187.0,94.1,198.0,94.8,89.3,94.2,99.4,95.4
ratapt_ifwd_sender,92.7,31.3,77.3,65.6,83.4,20.2,70.8,26.2,85.3,44.4,77.6,6.6,322.0,153.0,298.0,182.0,86.9,6.58,64.7,8.28,7.91,8.41,77.7,12.1,110.0,89.0,100.0,89.2,166.0,92.9,189.0,118.0
ratapt_ifwd_receiver,92.3,31.3,77.1,65.5,83.2,20.2,70.5,26.1,85.2,44.2,77.3,6.58,322.0,152.0,297.0,182.0,86.6,6.57,64.6,8.26,7.8,8.39,77.5,12.1,110.0,88.9,100.0,89.0,166.0,92.7,188.0,118.0
