ratapt_fwd_sender,10.2,44.5,73.5,13.3,11.4,24.5,9.73,19.2,68.7,24.0,56.9,45.4,312.0,121.0,465.0,56.0,231.0,9.39,69.0,6.01,77.4,39.1,86.8,35.0,98.8,67.5,93.5,66.4,145.0,320.0,98.8,66.3
ratapt_fwd_receiver,10.1,44.2,73.3,13.3,11.3,24.3,9.65,19.0,68.6,23.9,56.8,45.2,311.0,121.0,465.0,55.8,231.0,9.3,68.7,5.98,77.2,38.9,86.5,34.8,98.6,67.2,93.3,66.0,145.0,319.0,98.6,65.9
ratapt_fwd_sender,69.7,68.9,63.1,59.7,64.0,8.01,63.5,41.0,58.2,8.77,65.9,60.8,318.0,96.4,378.0,162.0,64.9,22.7,72.8,23.1,39.3,17.1,74.3,7.95,92.5,84.5,141.0,79.5,249.0,83.6,94.6,129.0
ratapt_fwd_receiver,69.4,68.7,62.8,59.6,63.8,7.97,63.3,40.9,57.9,8.72,65.8,60.6,317.0,96.1,378.0,162.0,64.6,22.6,72.6,23.1,39.2,17.0,74.1,7.91,92.2,84.3,141.0,79.3,248.0,83.4,94.4,129.0
ratapt_fwd_sender,81.7,10.7,9.35,16.1,11.7,34.8,27.0,11.2,75.9,23.1,89.8,121.0,317.0,85.8,277.0,275.0,47.5,15.3,34.0,11.4,59.6,10.2,143.0,122.0,242.0,44.3,210.0,57.9,118.0,46.4,167.0,68.6
ratapt_fwd_receiver,81.4,10.6,9.33,16.0,11.7,34.6,26.8,11.2,75.7,23.1,89.4,121.0,316.0,85.5,276.0,274.0,47.4,15.2,33.9,11.4,59.3,10.1,142.0,121.0,242.0,44.2,209.0,57.8,118.0,46.3,166.0,68.4
ratapt_fwd_sender,56.9,7.44,66.2,56.3,66.5,23.0,7.46,129.0,37.6,33.2,137.0,43.6,337.0,102.0,412.0,102.0,59.4,11.9,32.7,40.2,65.3,19.0,49.3,12.4,204.0,82.4,91.2,80.3,126.0,81.7,159.0,130.0
ratapt_fwd_receiver,56.8,7.4,65.9,56.2,66.4,22.9,7.43,128.0,37.5,33.1,136.0,43.5,337.0,102.0,411.0,102.0,59.2,11.9,32.6,40.0,65.1,19.0,49.1,12.4,203.0,82.2,91.0,80.1,126.0,81.5,159.0,129.0
ratapt_fwd_sender,69.7,11.0,49.6,66.5,73.4,9.15,71.1,9.32,39.5,16.4,76.5,18.5,345.0,145.0,318.0,145.0,64.4,134.0,77.4,6.18,73.4,6.3,71.6,8.68,112.0,122.0,178.0,86.7,176.0,85.3,110.0,82.1
ratapt_fwd_receiver,69.5,11.0,49.4,66.3,73.1,9.06,70.9,9.28,39.4,16.4,76.3,18.3,344.0,145.0,318.0,144.0,64.2,134.0,77.3,6.15,73.2,6.28,71.5,8.65,112.0,122.0,177.0,86.5,176.0,85.2,110.0,81.9
ratapt_fwd_sender,62.9,50.2,62.0,56.4,60.2,24.2,97.5,64.9,46.1,9.52,68.7,26.4,293.0,125.0,379.0,157.0,65.7,6.6,62.2,26.9,45.7,9.66,68.5,39.2,207.0,66.5,94.2,129.0,172.0,82.8,121.0,79.5
ratapt_fwd_receiver,62.7,50.0,61.8,56.3,60.1,24.1,97.1,64.6,46.0,9.49,68.4,26.4,293.0,124.0,379.0,156.0,65.6,6.56,62.0,26.8,45.6,9.62,68.2,39.1,207.0,66.2,94.0,129.0,172.0,82.7,121.0,79.3
ratapt_fwd_sender,23.3,37.7,65.9,183.0,71.2,14.0,50.5,11.3,57.7,6.78,64.4,11.8,398.0,94.6,331.0,131.0,96.5,51.8,44.2,21.4,70.8,5.53,59.0,8.31,105.0,141.0,171.0,79.6,131.0,79.0,169.0,79.2
ratapt_fwd_receiver,23.3,37.5,65.6,182.0,70.9,14.0,50.3,11.3,57.5,6.76,64.1,11.8,397.0,94.4,330.0,130.0,96.0,51.6,44.0,21.3,70.4,5.51,58.8,8.29,105.0,141.0,170.0,79.3,130.0,78.8,168.0,79.0
ratapt_fwd_sender,69.9,63.6,68.4,35.7,48.8,26.6,11.9,13.9,41.5,11.7,50.2,14.3,291.0,164.0,238.0,261.0,11.1,14.9,122.0,7.43,61.8,5.65,238.0,35.5,204.0,75.0,91.7,75.2,224.0,74.3,134.0,74.4
ratapt_fwd_receiver,69.7,63.4,68.2,35.6,48.5,26.6,11.8,13.8,41.4,11.7,50.1,14.3,290.0,163.0,237.0,261.0,11.1,14.8,122.0,7.4,61.5,5.64,237.0,35.4,204.0,74.8,91.5,75.1,223.0,74.1,134.0,74.2
ratapt_fwd_sender,71.5,43.0,67.1,42.1,70.3,41.5,57.4,6.87,29.9,6.79,144.0,42.8,336.0,210.0,288.0,121.0,65.1,45.1,65.9,16.5,21.5,6.09,65.7,45.1,199.0,77.9,141.0,94.5,162.0,76.8,126.0,78.1
ratapt_fwd_receiver,71.1,42.8,66.9,41.9,70.1,41.4,57.2,6.85,29.8,6.75,144.0,42.6,335.0,209.0,287.0,121.0,64.9,44.9,65.6,16.4,21.4,6.08,65.5,44.8,198.0,77.7,140.0,94.2,162.0,76.5,125.0,77.9
ratapt_fwd_sender,77.0,100.0,52.7,9.2,78.5,6.86,67.5,13.7,65.7,6.74,71.7,8.9,275.0,195.0,303.0,183.0,59.2,10.4,63.0,12.0,41.8,6.26,150.0,54.3,242.0,85.6,97.6,85.7,116.0,88.3,151.0,88.2
ratapt_fwd_receiver,76.8,99.8,52.5,9.17,78.3,6.83,67.3,13.7,65.6,6.71,71.6,8.87,274.0,194.0,302.0,183.0,59.0,10.4,62.8,12.0,41.6,6.25,150.0,54.2,241.0,85.5,97.4,85.5,116.0,88.1,150.0,88.0
ratapt_fwd_sender,147.0,19.6,72.6,18.1,73.3,33.9,76.0,37.8,60.8,8.07,41.5,19.5,358.0,190.0,238.0,168.0,55.3,8.3,74.9,29.5,42.5,6.41,121.0,6.87,105.0,98.6,202.0,102.0,113.0,106.0,126.0,98.6
ratapt_fwd_receiver,146.0,19.5,72.4,18.0,73.0,33.8,75.8,37.8,60.6,8.04,41.3,19.4,356.0,190.0,238.0,167.0,55.2,8.26,74.8,29.4,42.4,6.39,121.0,6.84,105.0,98.4,202.0,102.0,113.0,106.0,126.0,98.5
ratapt_fwd_sender,99.8,59.3,72.6,19.9,78.1,28.9,65.9,32.3,61.7,10.9,72.0,45.0,251.0,193.0,414.0,96.0,76.5,29.0,75.1,6.63,63.1,6.33,29.7,21.3,123.0,86.0,104.0,85.1,201.0,85.2,121.0,149.0
ratapt_fwd_receiver,99.4,59.1,72.4,19.8,77.9,28.8,65.7,32.2,61.3,10.8,71.9,44.9,251.0,192.0,413.0,95.7,76.3,29.0,74.7,6.61,62.9,6.31,29.7,21.2,123.0,85.8,104.0,84.9,200.0,85.0,121.0,149.0
ratapt_fwd_sender,63.9,41.3,65.9,9.72,73.4,32.9,72.1,42.9,72.4,19.2,70.1,12.0,352.0,256.0,235.0,109.0,66.0,26.6,76.2,41.5,71.1,6.34,76.1,11.6,165.0,86.2,195.0,84.7,88.9,86.7,161.0,84.3
ratapt_fwd_receiver,63.6,41.2,65.7,9.67,73.2,32.7,71.9,42.8,72.2,19.1,70.0,12.0,351.0,255.0,235.0,109.0,65.8,26.6,76.0,41.4,70.8,6.33,75.8,11.6,164.0,86.0,194.0,84.5,88.8,86.4,161.0,84.1
ratapt_fwd_sender,57.8,66.5,13.3,9.28,70.0,13.4,69.6,26.9,48.7,26.3,221.0,149.0,316.0,183.0,322.0,134.0,37.4,7.96,70.3,10.4,15.0,6.05,16.6,19.0,308.0,74.3,158.0,76.7,100.0,75.4,84.8,76.5
ratapt_fwd_receiver,57.6,66.2,13.2,9.25,69.9,13.4,69.4,26.8,48.5,26.2,221.0,148.0,316.0,183.0,321.0,134.0,37.3,7.92,70.0,10.4,14.9,6.04,16.5,18.9,308.0,74.2,158.0,76.5,100.0,75.1,84.6,76.4
ratapt_fwd_sender,113.0,33.6,65.3,13.0,74.0,35.0,37.4,6.24,74.6,74.4,65.7,74.4,280.0,189.0,383.0,102.0,56.7,9.71,56.6,11.4,65.4,6.21,73.0,9.68,179.0,87.1,102.0,86.9,112.0,85.7,171.0,130.0
ratapt_fwd_receiver,112.0,33.5,65.2,13.0,73.9,34.9,37.3,6.23,74.5,74.1,65.4,74.1,280.0,189.0,382.0,102.0,56.5,9.67,56.4,11.3,65.2,6.2,72.8,9.65,178.0,86.9,102.0,86.7,112.0,85.5,171.0,129.0
ratapt_fwd_sender,46.0,65.1,58.4,46.0,65.8,28.4,75.6,12.0,77.6,7.94,51.1,27.9,308.0,93.0,323.0,231.0,80.0,39.9,56.5,33.7,80.6,5.84,69.7,26.3,181.0,73.9,214.0,82.2,115.0,81.7,107.0,100.0
ratapt_fwd_receiver,45.9,64.9,58.2,45.8,65.6,28.3,75.4,12.0,77.4,7.9,50.9,27.8,308.0,92.8,322.0,230.0,79.8,39.7,56.4,33.6,80.4,5.82,69.5,26.2,180.0,73.8,213.0,82.0,115.0,81.5,107.0,99.8
ratapt_fwd_sender,50.8,61.5,66.5,20.2,65.9,15.5,16.3,120.0,48.3,42.5,136.0,120.0,355.0,239.0,259.0,101.0,67.4,5.53,49.4,7.58,39.4,5.47,9.04,6.21,219.0,6.87,331.0,68.1,106.0,69.5,87.3,64.3
ratapt_fwd_receiver,50.7,61.2,66.4,20.1,65.8,15.5,16.3,120.0,48.2,42.4,136.0,120.0,355.0,238.0,258.0,101.0,67.3,5.5,49.2,7.55,39.3,5.46,9.01,6.19,219.0,6.83,330.0,67.9,106.0,69.4,87.2,64.1
ratapt_fwd_sender,71.5,7.07,57.9,28.1,67.9,72.8,51.6,10.0,59.7,22.2,145.0,17.1,390.0,224.0,237.0,104.0,42.8,7.2,72.3,48.3,39.4,6.51,65.5,60.9,190.0,85.7,237.0,86.0,94.0,85.8,89.5,86.6
ratapt_fwd_receiver,71.3,7.03,57.7,28.0,67.8,72.6,51.3,10.0,59.6,22.1,144.0,17.0,389.0,224.0,236.0,104.0,42.7,7.16,72.1,48.2,39.2,6.5,65.3,60.8,189.0,85.5,236.0,85.8,93.7,85.7,89.3,86.5
ratapt_fwd_sender,77.2,24.3,58.1,67.3,69.0,11.4,74.0,36.7,79.5,6.71,65.6,33.4,262.0,179.0,396.0,119.0,75.0,6.81,78.6,20.6,73.1,6.05,70.5,21.2,171.0,88.3,106.0,153.0,148.0,93.4,106.0,87.8
ratapt_fwd_receiver,77.0,24.2,57.8,67.0,68.6,11.3,73.9,36.6,79.3,6.67,65.4,33.3,262.0,178.0,395.0,118.0,74.7,6.8,78.3,20.6,72.9,6.03,70.3,21.2,171.0,88.1,106.0,153.0,148.0,93.2,106.0,87.7
ratapt_fwd_sender,76.3,49.4,72.3,8.08,60.5,51.9,72.6,55.4,75.0,31.5,50.2,39.0,261.0,179.0,354.0,161.0,75.0,27.0,40.5,8.16,74.9,6.38,70.4,9.71,92.1,78.3,88.4,81.3,241.0,80.2,207.0,86.7
ratapt_fwd_receiver,75.9,49.2,72.2,8.04,60.4,51.8,72.4,55.3,74.8,31.4,50.0,38.9,260.0,179.0,353.0,161.0,74.7,27.0,40.4,8.13,74.8,6.36,70.1,9.69,91.9,78.1,88.3,81.0,240.0,80.0,206.0,86.5
ratapt_fwd_sender,71.9,70.9,33.3,58.2,70.3,59.7,57.8,9.01,70.8,25.1,72.7,17.6,366.0,160.0,305.0,122.0,72.9,12.5,63.8,24.7,53.3,6.22,73.5,28.9,146.0,82.3,92.9,82.9,102.0,81.7,253.0,112.0
ratapt_fwd_receiver,71.7,70.7,33.2,58.0,70.2,59.5,57.7,8.97,70.5,25.0,72.6,17.5,366.0,160.0,305.0,122.0,72.5,12.4,63.7,24.6,53.0,6.2,73.3,28.8,146.0,82.1,92.6,82.7,102.0,81.5,253.0,111.0
ratapt_fwd_sender,63.2,11.7,70.8,52.9,72.0,9.35,71.9,20.8,154.0,22.7,48.2,34.4,190.0,168.0,262.0,335.0,67.9,7.76,72.1,9.17,69.9,5.76,56.9,31.6,109.0,17.0,198.0,76.4,227.0,75.0,174.0,76.4
ratapt_fwd_receiver,63.1,11.6,70.6,52.7,71.8,9.31,71.4,20.7,153.0,22.6,48.0,34.3,190.0,167.0,261.0,333.0,67.7,7.73,71.7,9.14,69.7,5.73,56.8,31.5,109.0,17.0,198.0,76.1,226.0,74.8,173.0,76.1
ratapt_fwd_sender,55.5,29.6,42.8,66.6,63.4,36.5,68.9,8.23,46.0,28.3,52.6,29.4,364.0,141.0,351.0,98.2,52.2,65.5,69.5,65.6,65.4,5.89,59.1,42.3,184.0,76.3,161.0,152.0,124.0,23.9,149.0,83.9
ratapt_fwd_receiver,55.4,29.5,42.7,66.3,63.1,36.4,68.7,8.21,45.9,28.2,52.5,29.2,362.0,141.0,350.0,98.0,52.1,65.3,69.3,65.3,65.0,5.88,58.9,42.2,183.0,76.1,160.0,152.0,124.0,23.8,148.0,83.6
ratapt_fwd_sender,74.3,10.9,71.4,34.6,66.8,33.7,72.0,37.5,62.8,37.0,116.0,11.1,317.0,89.6,231.0,316.0,71.3,23.7,48.7,24.7,69.3,5.92,72.9,9.43,170.0,78.8,96.0,79.3,122.0,82.3,246.0,79.3
ratapt_fwd_receiver,74.2,10.9,71.1,34.4,66.6,33.6,71.7,37.3,62.6,36.9,116.0,11.0,317.0,89.3,230.0,315.0,71.0,23.6,48.5,24.6,69.1,5.9,72.7,9.41,170.0,78.5,95.8,79.0,121.0,81.9,246.0,79.0
ratapt_fwd_sender,71.0,62.4,60.6,9.86,55.5,20.6,68.5,23.6,68.7,28.7,62.7,8.81,306.0,218.0,261.0,169.0,61.4,9.65,100.0,28.5,68.4,6.48,101.0,36.5,154.0,82.2,99.6,83.4,170.0,79.8,199.0,84.6
ratapt_fwd_receiver,70.7,62.2,60.4,9.82,55.4,20.6,68.3,23.4,68.5,28.6,62.7,8.77,305.0,218.0,260.0,168.0,61.2,9.61,100.0,28.4,68.2,6.46,101.0,36.4,154.0,82.0,99.4,83.3,169.0,79.6,199.0,84.4
ratapt_fwd_sender,107.0,22.0,66.9,40.2,79.4,18.6,60.9,6.39,78.9,6.03,66.4,44.1,284.0,91.6,367.0,213.0,77.1,8.7,52.6,7.61,80.0,6.01,72.1,53.7,147.0,118.0,181.0,81.1,102.0,133.0,88.6,103.0
ratapt_fwd_receiver,106.0,21.9,66.7,40.0,79.2,18.6,60.7,6.35,78.7,5.99,66.2,44.0,283.0,91.5,366.0,213.0,77.0,8.67,52.5,7.58,79.8,5.99,71.9,53.5,147.0,118.0,181.0,80.8,102.0,132.0,88.4,103.0
ratapt_fwd_sender,39.5,43.0,82.2,50.1,56.8,48.2,86.7,26.4,62.7,36.8,82.6,22.8,274.0,196.0,327.0,158.0,55.6,18.9,63.0,7.62,69.0,6.34,81.3,15.2,92.0,81.1,126.0,81.8,306.0,81.9,105.0,80.5
ratapt_fwd_receiver,39.4,42.9,81.9,50.0,56.6,47.9,86.5,26.3,62.4,36.8,82.4,22.7,273.0,196.0,327.0,157.0,55.5,18.8,62.9,7.58,68.9,6.33,81.0,15.1,91.8,80.9,126.0,81.6,305.0,81.7,105.0,80.3
ratapt_fwd_sender,89.8,13.2,36.1,14.4,79.6,38.8,46.4,12.9,46.3,26.5,66.8,41.4,357.0,123.0,285.0,191.0,63.2,64.3,74.0,10.3,72.8,6.38,134.0,16.9,130.0,98.0,188.0,98.9,116.0,99.0,125.0,99.1
ratapt_fwd_receiver,89.5,13.1,36.0,14.3,79.5,38.7,46.3,12.9,46.2,26.5,66.5,41.3,356.0,122.0,284.0,190.0,63.0,64.1,73.9,10.2,72.6,6.37,134.0,16.9,129.0,97.8,188.0,98.8,116.0,98.8,125.0,98.9
ratapt_fwd_sender,65.2,58.8,35.8,11.2,49.6,5.6,53.6,6.6,69.6,58.8,173.0,117.0,273.0,314.0,274.0,92.0,58.3,5.89,43.4,6.86,42.0,5.3,59.4,28.1,225.0,65.6,110.0,72.8,170.0,33.5,204.0,70.9
ratapt_fwd_receiver,65.0,58.6,35.7,11.1,49.5,5.57,53.5,6.57,69.3,58.5,172.0,117.0,272.0,313.0,274.0,91.7,58.1,5.87,43.2,6.84,41.8,5.28,59.2,28.0,225.0,65.5,110.0,72.7,170.0,33.5,204.0,70.7
ratapt_fwd_sender,41.3,29.4,69.4,44.0,68.2,16.8,63.3,39.1,73.5,25.9,47.5,125.0,392.0,93.7,281.0,187.0,45.0,9.49,69.4,12.1,72.7,5.82,69.2,26.8,165.0,71.0,255.0,121.0,96.5,73.3,97.3,74.2
ratapt_fwd_receiver,41.2,29.3,69.3,43.8,68.0,16.7,63.2,39.0,73.3,25.8,47.4,125.0,391.0,93.6,281.0,186.0,44.9,9.45,69.2,12.0,72.4,5.8,69.0,26.7,164.0,70.8,255.0,121.0,96.3,73.1,97.2,74.0
ratapt_fwd_sender,64.8,70.6,122.0,71.1,43.5,69.5,78.2,19.1,17.3,11.9,86.3,24.7,378.0,236.0,243.0,99.2,39.8,35.9,66.4,50.8,62.3,6.41,7.67,6.52,139.0,7.27,208.0,80.4,212.0,47.1,145.0,118.0
ratapt_fwd_receiver,64.6,70.4,121.0,70.9,43.4,69.3,77.9,19.1,17.3,11.9,86.0,24.6,377.0,236.0,242.0,99.1,39.7,35.8,66.2,50.6,62.1,6.39,7.63,6.48,138.0,7.25,207.0,80.3,211.0,46.9,144.0,118.0
ratapt_fwd_sender,65.8,6.86,62.8,65.1,101.0,21.2,75.3,9.12,76.8,7.62,65.7,8.98,312.0,230.0,310.0,102.0,67.1,55.7,68.3,29.1,72.8,6.34,77.1,11.1,109.0,81.8,197.0,151.0,150.0,83.8,98.4,82.6
ratapt_fwd_receiver,65.6,6.83,62.6,64.9,101.0,21.1,75.0,9.08,76.5,7.59,65.5,8.96,312.0,230.0,309.0,102.0,66.8,55.6,68.1,29.1,72.6,6.32,76.9,11.1,109.0,81.5,196.0,150.0,150.0,83.6,98.2,82.5
ratapt_fwd_sender,74.5,66.1,56.3,16.9,73.9,15.4,41.2,10.5,42.5,195.0,68.9,45.2,339.0,97.7,415.0,104.0,15.4,7.76,56.1,11.6,63.6,6.22,74.7,12.9,233.0,91.3,126.0,93.0,114.0,89.5,117.0,91.1
ratapt_fwd_receiver,74.3,66.0,56.1,16.9,73.6,15.3,41.2,10.5,42.4,195.0,68.7,45.1,338.0,97.4,414.0,104.0,15.4,7.73,55.8,11.5,63.5,6.2,74.5,12.9,232.0,91.1,125.0,92.8,114.0,89.3,117.0,90.9
ratapt_fwd_sender,73.7,17.7,61.6,27.7,58.7,33.5,38.5,23.2,149.0,33.9,45.4,66.8,279.0,217.0,362.0,97.6,130.0,14.5,10.5,14.3,65.8,6.39,59.9,23.6,104.0,129.0,264.0,83.5,95.5,82.2,112.0,83.5
ratapt_fwd_receiver,73.5,17.6,61.4,27.6,58.5,33.4,38.4,23.1,149.0,33.8,45.2,66.6,278.0,216.0,361.0,97.4,130.0,14.5,10.4,14.2,65.7,6.37,59.7,23.6,104.0,129.0,264.0,83.3,95.3,82.0,111.0,83.3
ratapt_fwd_sender,78.7,46.9,77.0,26.8,80.5,15.4,78.2,7.11,68.2,10.5,66.5,10.9,385.0,106.0,278.0,185.0,76.8,9.95,77.1,9.33,64.6,7.35,71.4,69.8,113.0,76.2,216.0,75.0,86.8,75.4,91.3,221.0
ratapt_fwd_receiver,78.4,46.8,76.8,26.7,80.2,15.4,78.0,7.09,68.0,10.5,66.3,10.8,385.0,106.0,277.0,185.0,76.6,9.92,76.9,9.3,64.5,7.32,71.2,69.7,112.0,76.0,215.0,74.9,86.5,75.1,91.1,220.0
ratapt_fwd_sender,19.2,8.41,155.0,69.1,40.5,42.0,62.4,15.9,27.5,64.4,29.7,12.3,532.0,91.0,137.0,193.0,29.0,26.3,238.0,15.5,44.6,6.02,28.6,18.5,91.7,88.8,98.1,81.9,169.0,127.0,203.0,94.2
ratapt_fwd_receiver,19.1,8.38,155.0,68.8,40.4,41.8,62.2,15.9,27.5,64.2,29.7,12.3,531.0,90.7,137.0,193.0,28.9,26.3,237.0,15.5,44.5,6.0,28.4,18.4,91.5,88.5,97.9,81.7,169.0,126.0,203.0,93.5
ratapt_fwd_sender,76.0,73.7,118.0,23.1,73.9,9.03,55.6,22.8,45.1,51.1,30.3,29.8,420.0,152.0,289.0,93.4,57.4,16.1,71.3,27.2,75.3,7.55,74.7,16.0,103.0,164.0,212.0,91.1,103.0,88.0,103.0,88.8
ratapt_fwd_receiver,75.7,73.4,118.0,23.0,73.8,8.99,55.5,22.7,45.0,51.0,30.1,29.7,419.0,152.0,288.0,93.2,57.3,16.0,71.2,27.1,75.1,7.51,74.5,15.9,103.0,164.0,211.0,90.9,103.0,87.8,103.0,88.6
ratapt_fwd_sender,67.1,21.5,74.4,8.92,59.9,23.6,55.3,7.97,62.3,14.3,72.9,30.0,263.0,143.0,455.0,93.5,59.3,49.6,61.9,134.0,55.2,7.21,63.2,25.0,240.0,73.9,85.5,74.4,148.0,73.0,85.7,174.0
ratapt_fwd_receiver,66.8,21.4,74.2,8.88,59.6,23.5,55.1,7.94,62.0,14.3,72.5,29.9,263.0,142.0,454.0,93.3,59.0,49.4,61.7,134.0,55.0,7.17,63.1,24.9,239.0,73.6,85.4,74.1,148.0,72.8,85.5,173.0
ratapt_fwd_sender,208.0,10.9,39.7,38.6,65.0,31.0,48.1,6.18,55.5,43.3,42.4,19.2,250.0,220.0,269.0,215.0,73.2,29.3,76.3,9.26,76.9,6.38,65.2,9.0,113.0,78.1,289.0,78.9,113.0,78.5,122.0,79.5
ratapt_fwd_receiver,207.0,10.9,39.6,38.5,64.9,30.8,48.0,6.15,55.2,43.1,42.3,19.1,249.0,219.0,269.0,215.0,73.0,29.2,76.1,9.22,76.7,6.35,65.0,8.96,113.0,78.0,289.0,78.7,113.0,78.2,122.0,79.3
ratapt_fwd_sender,57.2,34.0,82.5,66.6,51.2,18.8,83.6,10.6,54.3,71.3,77.8,38.6,342.0,124.0,284.0,207.0,29.5,34.3,83.6,15.9,35.3,6.42,82.6,20.7,235.0,73.2,165.0,141.0,152.0,15.1,96.4,78.1
ratapt_fwd_receiver,57.0,33.9,82.2,66.5,51.1,18.8,83.4,10.5,54.2,71.1,77.6,38.5,341.0,123.0,283.0,206.0,29.4,34.2,83.3,15.8,35.2,6.4,82.3,20.7,234.0,73.0,164.0,141.0,151.0,15.1,96.3,78.0
ratapt_fwd_sender,143.0,27.5,38.4,29.1,68.3,33.8,70.1,51.3,64.9,32.2,69.7,37.9,304.0,183.0,329.0,139.0,58.5,21.1,50.9,17.3,61.7,6.3,65.4,7.64,91.4,86.9,187.0,88.3,164.0,104.0,145.0,88.1
ratapt_fwd_receiver,142.0,27.4,38.3,29.0,68.0,33.6,69.8,51.2,64.7,32.1,69.5,37.8,303.0,182.0,328.0,139.0,58.3,21.1,50.7,17.2,61.5,6.29,65.1,7.61,91.3,86.7,187.0,88.1,164.0,104.0,144.0,87.9
ratapt_fwd_sender,73.1,9.93,50.9,55.1,71.2,38.6,65.2,40.6,56.9,70.4,69.3,24.9,327.0,87.3,388.0,153.0,69.7,8.44,72.9,27.9,65.3,34.9,33.7,15.0,194.0,81.1,93.7,135.0,97.1,81.7,181.0,91.0
ratapt_fwd_receiver,72.8,9.9,50.8,54.9,71.0,38.5,65.0,40.5,56.7,70.1,69.1,24.9,326.0,87.1,387.0,152.0,69.5,8.4,72.6,27.8,65.1,34.6,33.5,15.0,193.0,81.0,93.4,134.0,96.9,81.4,181.0,90.6
ratapt_fwd_sender,57.7,26.1,60.8,43.7,13.0,9.8,44.8,16.1,123.0,52.4,33.1,12.6,415.0,94.7,343.0,103.0,98.8,200.0,47.8,7.92,62.4,5.49,22.4,18.3,92.1,82.2,178.0,82.8,95.1,83.1,224.0,117.0
ratapt_fwd_receiver,57.6,26.0,60.6,43.5,13.0,9.77,44.6,16.1,123.0,52.2,33.0,12.6,414.0,94.5,342.0,103.0,98.3,199.0,47.6,7.89,62.1,5.48,22.3,18.2,91.9,82.1,177.0,82.6,94.7,82.9,224.0,116.0
ratapt_fwd_sender,29.8,29.5,62.6,70.5,48.7,36.3,74.9,56.2,72.2,38.5,74.0,22.6,417.0,134.0,303.0,101.0,61.3,8.25,95.1,10.3,58.1,6.39,89.5,8.97,97.9,90.8,152.0,99.4,170.0,148.0,103.0,92.9
ratapt_fwd_receiver,29.7,29.4,62.5,70.3,48.6,36.2,74.7,55.9,71.9,38.3,73.8,22.5,416.0,133.0,302.0,101.0,61.2,8.22,94.7,10.2,57.8,6.37,89.1,8.94,97.8,90.6,151.0,99.1,169.0,147.0,103.0,92.7
ratapt_fwd_sender,70.5,25.7,59.3,55.6,80.3,42.6,34.6,19.8,77.0,22.8,73.5,17.6,361.0,105.0,352.0,136.0,76.6,50.0,69.3,26.8,42.1,6.35,84.2,18.7,104.0,91.9,97.7,91.7,142.0,151.0,184.0,91.4
ratapt_fwd_receiver,70.3,25.6,59.1,55.4,80.0,42.5,34.5,19.7,76.8,22.7,73.2,17.5,360.0,105.0,350.0,135.0,76.4,49.8,69.1,26.8,42.0,6.33,83.9,18.6,104.0,91.7,97.5,91.4,142.0,150.0,183.0,91.2
ratapt_fwd_sender,73.2,15.1,30.4,71.8,69.0,7.19,73.9,7.35,57.0,58.5,50.2,28.2,271.0,191.0,334.0,160.0,73.2,11.2,120.0,55.7,66.7,5.81,72.9,7.54,113.0,82.8,165.0,84.5,231.0,84.5,109.0,84.5
ratapt_fwd_receiver,73.0,15.1,30.3,71.5,68.8,7.16,73.7,7.32,56.7,58.3,50.1,28.2,271.0,190.0,333.0,159.0,72.9,11.1,119.0,55.5,66.7,5.8,72.7,7.5,113.0,82.6,164.0,84.2,230.0,84.2,109.0,84.3
ratapt_fwd_sender,77.7,17.3,59.3,15.9,61.2,62.5,59.9,15.1,57.7,16.2,64.6,70.3,281.0,137.0,395.0,142.0,56.5,19.1,35.1,9.2,159.0,6.34,68.8,21.3,157.0,83.5,182.0,80.2,103.0,170.0,89.9,87.3
ratapt_fwd_receiver,77.5,17.2,59.1,15.9,61.0,62.4,59.7,15.1,57.6,16.1,64.4,70.1,280.0,137.0,394.0,141.0,56.4,19.0,35.0,9.17,158.0,6.32,68.7,21.2,157.0,83.3,181.0,80.0,103.0,169.0,89.8,87.1
ratapt_fwd_sender,80.8,46.3,56.1,13.9,79.9,26.0,53.8,8.1,60.1,63.1,39.5,10.2,254.0,95.9,503.0,103.0,78.8,13.1,42.9,44.0,75.2,6.52,58.4,98.3,204.0,101.0,101.0,102.0,122.0,121.0,101.0,102.0
ratapt_fwd_receiver,80.6,46.1,56.0,13.8,79.7,25.9,53.6,8.08,59.9,63.0,39.4,10.1,253.0,95.7,501.0,103.0,78.6,13.1,42.8,43.9,75.1,6.51,58.2,97.6,204.0,101.0,100.0,102.0,122.0,121.0,101.0,102.0
ratapt_fwd_sender,74.0,71.0,71.9,34.2,39.4,52.4,67.0,35.8,55.6,7.83,56.1,16.1,272.0,106.0,470.0,108.0,72.1,12.9,47.5,72.1,69.8,6.78,49.2,42.1,200.0,95.9,96.3,96.6,172.0,97.1,97.1,98.5
ratapt_fwd_receiver,73.8,70.9,71.7,34.1,39.3,52.2,66.6,35.8,55.5,7.8,56.0,16.1,271.0,106.0,468.0,107.0,71.9,12.8,47.4,71.9,69.6,6.76,49.1,41.9,199.0,95.7,96.2,96.4,172.0,96.9,97.0,98.2
ratapt_fwd_sender,65.9,9.84,77.0,70.8,38.7,31.1,78.3,37.1,58.5,54.0,75.6,8.63,361.0,154.0,336.0,105.0,75.8,16.6,71.6,10.6,62.5,6.36,78.3,28.4,196.0,174.0,142.0,83.2,97.8,82.6,96.2,83.3
ratapt_fwd_receiver,65.7,9.81,76.8,70.7,38.6,31.0,78.0,37.0,58.3,53.7,75.4,8.6,360.0,154.0,336.0,104.0,75.7,16.5,71.4,10.6,62.4,6.34,78.1,28.3,196.0,174.0,142.0,83.0,97.6,82.4,96.1,83.1
