ref_ifwd_sender,13.2,12.6,84.0,150.0,9.09,38.9,25.8,130.0,19.1,22.6,129.0,324.0,30.7,6.55,22.2,6.37,18.4,48.2,4.2,46.4,18.5,36.9,6.8,45.5,8.08,132.0,46.1,9.69,45.5,45.7,46.3,18.5,10.2,46.2,45.7,22.1,18.5,46.2,46.0,12.1,11.4,52.5
ref_ifwd_receiver,13.2,12.5,83.6,150.0,9.04,38.8,25.7,129.0,19.1,22.5,128.0,322.0,30.6,6.29,22.1,6.35,18.3,47.9,4.18,46.0,18.4,36.7,6.75,45.4,8.0,131.0,45.9,9.63,45.3,45.4,46.0,18.4,10.1,46.0,45.4,22.0,18.4,46.0,45.8,12.0,11.3,52.1
ref_ifwd_sender,67.5,73.5,141.0,80.3,79.7,72.5,75.9,39.6,81.5,75.0,101.0,64.7,5.1,29.3,57.3,7.69,10.9,34.9,223.0,55.9,12.4,5.12,13.8,5.56,55.9,21.3,15.8,21.9,55.8,31.1,38.8,55.5,12.0,14.6,12.8,22.3,23.0,12.3,27.0,55.3,10.0,6.21
ref_ifwd_receiver,67.2,73.3,140.0,80.2,79.4,72.2,75.7,39.5,81.3,74.6,101.0,64.4,5.08,29.3,57.0,7.66,10.8,34.7,222.0,55.7,12.4,5.09,13.7,5.53,55.7,21.3,15.7,21.9,55.6,30.9,38.7,55.2,12.0,14.5,12.8,22.2,22.9,12.2,26.9,55.1,9.94,6.17
ref_ifwd_sender,80.1,77.9,76.6,81.8,81.0,78.6,80.7,80.8,79.5,78.9,77.3,77.4,33.5,22.0,67.7,458.0,57.9,13.3,8.87,20.6,10.1,11.4,8.25,6.96,6.25,10.6,15.0,8.95,8.04,27.7,10.8,7.56,8.28,36.0,17.0,7.31,12.7,15.5,10.3,7.29,13.9,6.15
ref_ifwd_receiver,79.9,77.6,76.5,81.7,80.8,78.4,80.4,80.6,79.4,78.7,77.1,77.2,33.4,21.9,67.3,456.0,57.6,13.3,8.84,20.5,10.0,11.3,8.21,6.93,6.22,10.5,14.9,8.89,7.99,27.7,10.7,7.52,8.24,35.9,16.9,7.25,12.7,15.5,10.2,7.25,13.8,6.13
ref_ifwd_sender,82.5,85.4,70.0,85.7,84.5,85.1,45.7,85.7,72.5,94.3,84.3,77.4,13.0,19.0,23.7,7.83,17.0,5.76,6.79,23.2,43.9,58.2,18.2,15.3,21.6,58.1,7.75,15.3,49.3,23.4,33.7,57.7,8.73,58.0,22.1,7.17,57.9,57.9,49.8,58.2,58.2,57.6
ref_ifwd_receiver,82.4,85.1,69.8,85.5,84.3,85.0,45.7,85.5,72.3,94.0,84.2,77.3,12.9,18.9,23.6,7.8,17.0,5.72,6.77,23.2,43.7,57.8,18.1,15.3,21.6,57.7,7.72,15.2,49.2,23.4,33.5,57.5,8.7,57.7,22.0,7.14,57.7,57.7,49.6,57.8,58.0,57.3
ref_ifwd_sender,73.7,59.9,72.7,46.6,122.0,47.1,150.0,73.6,66.8,121.0,72.6,45.6,72.0,10.1,55.1,36.8,23.0,24.8,42.7,39.7,17.0,7.27,36.5,32.3,10.5,58.7,17.0,58.5,56.1,33.7,30.6,11.4,6.07,21.0,6.32,10.7,12.3,25.3,24.1,36.1,7.56,126.0
ref_ifwd_receiver,73.5,59.8,72.5,46.4,121.0,47.0,150.0,73.5,66.7,120.0,72.4,45.5,71.5,10.0,55.0,36.7,22.9,24.7,42.6,39.4,17.0,7.25,36.4,32.2,10.4,58.4,17.0,58.2,56.0,33.6,30.4,11.3,6.05,20.9,6.29,10.7,12.2,25.2,24.0,36.0,7.53,126.0
ref_ifwd_sender,61.5,77.5,62.6,78.9,79.3,69.2,79.0,116.0,80.6,76.2,79.2,91.7,130.0,74.0,29.2,51.3,41.8,31.2,17.3,18.3,51.0,9.22,22.4,9.21,7.52,50.6,7.69,68.7,20.9,8.07,7.81,43.9,8.45,49.1,15.3,6.43,7.43,39.6,71.4,9.03,8.77,30.4
ref_ifwd_receiver,61.4,77.4,62.4,78.8,79.0,69.0,78.7,116.0,80.5,76.1,79.0,91.2,129.0,73.8,29.2,51.1,41.7,31.1,17.3,18.2,50.8,9.18,22.3,9.16,7.48,50.4,7.65,68.5,20.8,8.03,7.78,43.8,8.41,49.0,15.3,6.42,7.4,39.5,71.3,8.99,8.75,30.3
ref_ifwd_sender,82.5,80.0,81.5,82.5,81.6,81.6,82.1,57.4,82.7,82.5,75.2,82.6,29.0,67.3,36.3,16.8,69.3,15.4,12.6,15.5,27.9,9.63,6.93,53.1,31.4,65.8,68.2,47.7,14.4,27.0,34.7,38.8,31.9,11.9,10.0,55.0,9.72,63.2,14.2,8.81,20.4,37.6
ref_ifwd_receiver,82.3,79.8,81.3,82.2,81.4,81.4,81.9,57.3,82.5,82.3,75.0,82.3,28.9,67.2,36.2,16.7,69.1,15.3,12.6,15.4,27.8,9.57,6.9,52.8,31.3,65.6,67.9,47.5,14.3,26.9,34.6,38.7,31.8,11.9,9.98,54.7,9.69,63.0,14.2,8.78,20.4,37.5
ref_ifwd_sender,77.2,72.9,76.7,76.7,74.5,75.8,74.4,76.7,77.5,75.4,75.5,119.0,10.7,66.5,16.1,66.6,10.3,6.82,10.1,25.2,6.42,6.96,31.1,12.7,20.4,54.2,7.05,67.1,13.3,26.5,8.08,16.9,54.6,31.7,6.46,16.4,6.99,259.0,10.9,47.5,8.41,24.4
ref_ifwd_receiver,76.9,72.7,76.6,76.4,74.4,75.6,74.2,76.5,77.2,75.3,75.4,118.0,10.7,66.3,16.0,66.5,10.3,6.79,10.1,25.2,6.38,6.93,31.0,12.7,20.3,54.0,7.03,66.9,13.3,26.4,8.05,16.9,54.4,31.6,6.44,16.3,6.95,257.0,10.8,47.4,8.38,24.3
ref_ifwd_sender,74.8,78.8,78.5,78.3,9.59,78.8,78.1,117.0,77.2,125.0,78.7,77.7,70.2,70.7,12.5,7.99,30.4,9.09,70.4,69.7,7.47,41.7,34.7,6.46,6.38,9.39,69.8,35.4,48.9,11.8,7.16,15.4,12.0,39.4,11.7,12.8,11.1,67.9,15.0,36.4,36.1,70.1
ref_ifwd_receiver,74.6,78.6,78.3,78.1,9.51,78.6,78.0,116.0,77.0,124.0,78.5,77.5,69.9,70.5,12.4,7.96,30.4,9.06,70.1,69.6,7.44,41.6,34.6,6.43,6.35,9.36,69.6,35.3,48.7,11.7,7.12,15.4,12.0,39.3,11.7,12.8,11.0,67.7,14.9,36.3,35.9,69.9
ref_ifwd_sender,74.2,77.7,83.2,7.43,73.0,81.7,79.6,134.0,82.3,93.8,81.6,81.7,8.91,5.68,58.6,10.5,22.1,5.19,5.06,22.7,5.72,5.88,55.7,13.1,7.4,111.0,5.14,5.67,52.6,32.9,27.3,23.4,5.48,57.1,29.7,39.1,55.8,111.0,24.1,55.8,34.7,52.7
ref_ifwd_receiver,74.0,77.5,83.0,7.41,72.9,81.5,79.4,134.0,82.1,93.6,81.4,81.5,8.87,5.65,58.5,10.4,22.0,5.16,5.04,22.6,5.68,5.85,55.4,13.0,7.37,111.0,5.11,5.63,52.2,32.6,27.2,23.3,5.44,56.9,29.6,38.9,55.4,111.0,24.0,55.5,34.5,52.6
ref_ifwd_sender,78.1,76.5,78.6,75.3,76.1,78.9,79.1,93.8,79.5,80.5,78.8,77.9,69.2,10.7,40.0,26.3,38.5,20.0,51.7,20.4,6.59,25.3,10.4,8.74,54.2,50.1,7.2,7.19,31.3,9.04,63.8,14.6,7.72,7.1,73.3,6.76,46.1,17.9,54.6,52.9,66.8,50.2
ref_ifwd_receiver,77.9,76.3,78.4,75.1,75.9,78.7,78.9,93.3,79.3,80.2,78.6,77.6,69.0,10.7,39.9,26.2,38.3,19.9,51.5,20.3,6.56,25.2,10.4,8.7,53.8,49.7,7.17,7.16,31.2,8.99,63.5,14.5,7.69,7.06,72.9,6.72,45.8,17.8,54.5,52.6,66.6,49.8
ref_ifwd_sender,73.4,68.8,73.1,66.1,67.2,62.3,72.4,9.8,51.9,76.6,63.4,267.0,26.7,7.25,20.7,72.4,69.0,39.7,19.9,14.3,62.2,16.7,14.0,35.1,11.7,35.0,31.3,39.4,68.3,6.97,38.6,70.4,8.22,82.4,29.8,8.93,6.8,30.3,15.8,25.0,14.7,26.7
ref_ifwd_receiver,73.3,68.6,72.8,66.0,66.9,62.2,72.3,9.76,51.7,76.3,63.3,266.0,26.6,7.21,20.6,72.2,68.7,39.6,19.8,14.2,61.9,16.6,13.9,35.0,11.7,34.9,31.3,39.2,68.1,6.95,38.5,70.2,8.19,81.9,29.7,8.9,6.78,30.2,15.7,24.9,14.7,26.6
ref_ifwd_sender,79.7,78.6,111.0,78.9,61.7,79.0,79.4,36.3,129.0,62.3,78.3,77.8,57.1,9.22,36.0,57.9,10.7,30.2,6.71,52.5,7.85,5.32,6.47,8.72,5.15,13.6,12.3,7.68,22.9,14.7,57.4,57.2,57.6,19.9,39.8,120.0,30.4,25.5,57.5,53.2,57.1,12.7
ref_ifwd_receiver,79.5,78.5,111.0,78.7,61.5,78.8,79.2,36.3,129.0,62.2,78.0,77.6,56.9,9.19,35.9,57.7,10.7,30.1,6.68,52.3,7.81,5.29,6.43,8.69,5.13,13.5,12.2,7.65,22.8,14.6,57.0,57.0,57.2,19.8,39.7,119.0,30.3,25.5,57.2,53.0,57.0,12.7
ref_ifwd_sender,80.0,75.2,80.8,80.1,32.6,81.8,81.2,123.0,81.4,81.9,80.7,72.6,17.1,28.7,14.9,55.5,12.1,18.4,54.0,54.1,7.62,7.62,5.24,54.6,4.97,108.0,8.88,11.7,20.7,9.65,12.0,19.9,24.8,16.2,108.0,13.4,54.1,12.5,15.4,141.0,13.7,28.8
ref_ifwd_receiver,79.8,75.0,80.6,80.0,32.5,81.6,81.0,122.0,81.2,81.7,80.6,72.5,17.0,28.6,14.8,55.3,12.1,18.3,53.8,53.8,7.57,7.58,5.21,54.3,4.95,107.0,8.83,11.6,20.6,9.61,12.0,19.8,24.7,16.2,108.0,13.4,53.8,12.5,15.4,141.0,13.6,28.6
ref_ifwd_sender,80.4,79.9,80.1,80.6,9.47,73.2,80.7,106.0,80.2,125.0,77.4,78.2,7.11,18.6,60.5,13.2,19.8,20.4,9.89,6.33,8.24,13.2,10.5,5.83,5.31,30.6,7.35,18.3,23.1,119.0,23.7,26.2,59.6,24.4,23.6,59.5,59.1,13.2,19.7,117.0,27.5,99.4
ref_ifwd_receiver,80.2,79.6,79.8,80.4,9.44,72.9,80.5,106.0,80.1,124.0,77.1,78.0,7.08,18.6,60.3,13.1,19.8,20.3,9.85,6.3,8.2,13.2,10.4,5.78,5.29,30.5,7.33,18.2,23.0,118.0,23.6,26.1,59.4,24.3,23.5,59.3,58.8,13.2,19.6,117.0,27.4,99.0
ref_ifwd_sender,61.3,72.4,73.6,119.0,73.2,74.3,72.1,6.7,75.6,123.0,73.5,124.0,56.3,8.52,10.8,42.5,6.05,7.15,20.4,32.5,15.3,18.3,39.0,8.57,5.07,46.5,8.85,9.14,20.4,5.18,25.1,20.8,22.8,5.12,12.8,18.1,55.9,147.0,44.6,202.0,25.6,7.35
ref_ifwd_receiver,61.2,72.2,73.4,119.0,73.0,74.1,71.9,6.68,75.4,122.0,73.3,123.0,56.1,8.49,10.8,42.3,6.03,7.1,20.3,32.4,15.2,18.2,38.8,8.53,5.04,46.4,8.8,9.11,20.3,5.16,25.0,20.7,22.6,5.1,12.8,18.0,55.6,147.0,44.4,201.0,25.5,7.32
ref_ifwd_sender,75.7,60.9,62.9,67.6,109.0,77.2,89.5,45.5,116.0,88.6,82.3,76.8,7.84,17.9,5.43,38.2,23.7,11.7,5.44,10.1,16.1,11.4,37.9,22.7,5.21,19.2,30.5,59.1,21.8,57.7,57.5,58.0,29.3,58.4,48.0,49.5,55.6,57.5,19.2,37.4,21.6,57.5
ref_ifwd_receiver,75.5,60.8,62.7,67.4,109.0,77.1,89.0,45.4,116.0,87.9,82.1,76.6,7.81,17.8,5.41,38.1,23.7,11.7,5.4,10.1,16.1,11.4,37.7,22.6,5.2,19.1,30.3,58.9,21.7,57.5,57.3,57.7,29.1,58.0,47.9,49.4,55.4,57.3,19.1,37.3,21.6,57.3
ref_ifwd_sender,77.6,78.3,79.7,76.5,77.0,78.5,111.0,51.5,79.3,123.0,67.4,53.3,4.41,18.5,4.22,45.6,18.2,15.2,5.2,8.43,22.7,4.86,4.2,9.8,4.07,90.2,10.1,6.0,45.3,20.0,45.1,44.9,44.8,44.8,36.3,44.7,47.1,90.0,4.09,103.0,44.7,67.7
ref_ifwd_receiver,77.4,78.2,79.5,76.2,76.8,78.2,111.0,51.2,79.1,123.0,67.3,53.2,4.37,18.4,4.19,45.4,18.2,15.1,5.16,8.39,22.6,4.83,4.16,9.75,4.06,89.8,10.1,5.96,45.0,19.8,44.8,44.7,44.6,44.6,36.1,44.5,46.7,89.6,4.08,103.0,44.5,67.0
ref_ifwd_sender,76.7,75.2,75.2,75.3,87.4,72.6,82.6,52.4,112.0,90.1,76.4,76.8,21.1,16.5,59.8,7.78,10.4,8.08,12.9,115.0,13.1,5.3,7.41,57.7,5.19,57.2,42.9,22.9,43.7,7.72,5.65,41.4,35.0,5.23,13.5,26.9,24.5,57.8,33.1,9.94,129.0,53.6
ref_ifwd_receiver,76.5,75.1,74.9,75.1,87.0,72.3,82.1,52.1,111.0,89.6,76.2,76.6,21.0,16.4,59.6,7.76,10.4,8.05,12.8,115.0,13.0,5.27,7.38,57.4,5.18,57.0,42.7,22.9,43.5,7.69,5.64,41.2,34.9,5.22,13.5,26.8,24.4,57.6,33.0,9.88,128.0,53.4
ref_ifwd_sender,76.3,104.0,80.0,62.6,49.0,135.0,77.2,76.0,78.6,78.8,77.2,58.2,28.8,24.6,22.3,5.06,29.5,15.7,5.33,9.24,5.58,5.72,7.26,157.0,4.9,54.2,6.5,28.4,53.8,41.6,54.2,54.2,53.6,4.92,54.1,4.91,54.2,53.9,4.92,54.2,21.6,32.5
ref_ifwd_receiver,76.2,103.0,79.8,62.4,48.8,134.0,77.0,75.9,78.4,78.6,77.0,58.0,28.7,24.5,22.2,5.04,29.4,15.7,5.29,9.2,5.55,5.68,7.23,156.0,4.88,54.0,6.46,28.3,53.6,41.4,53.9,53.9,53.3,4.89,53.9,4.89,54.0,53.7,4.91,54.0,21.6,32.3
ref_ifwd_sender,75.8,76.4,168.0,73.0,51.3,75.2,74.9,57.5,75.3,75.7,75.8,72.3,6.67,20.4,23.0,72.6,10.6,70.5,20.3,62.1,15.8,7.25,7.21,47.1,6.41,21.3,41.8,18.3,8.55,7.77,31.6,69.8,10.7,6.45,7.26,30.3,9.79,33.8,39.1,183.0,40.0,15.8
ref_ifwd_receiver,75.7,76.2,167.0,72.9,51.2,75.1,74.8,57.4,75.0,75.6,75.6,72.1,6.64,20.4,22.9,72.4,10.5,70.3,20.3,61.9,15.7,7.22,7.18,46.9,6.39,21.2,41.7,18.2,8.51,7.74,31.5,69.6,10.6,6.44,7.24,30.2,9.76,33.5,39.0,183.0,39.9,15.8
ref_ifwd_sender,78.5,76.6,83.8,119.0,94.5,83.1,77.3,7.45,83.6,84.1,81.0,82.7,55.2,4.97,29.6,8.25,4.99,30.0,15.3,7.22,7.58,5.32,15.4,7.13,4.89,19.1,5.56,23.5,22.2,21.7,108.0,108.0,11.7,4.88,5.2,53.8,108.0,5.15,53.9,42.1,108.0,53.7
ref_ifwd_receiver,78.2,76.4,83.7,119.0,94.2,83.0,77.2,7.44,83.3,84.0,80.8,82.5,54.9,4.95,29.4,8.21,4.96,29.9,15.2,7.18,7.54,5.28,15.4,7.1,4.87,19.0,5.53,23.4,22.1,21.6,108.0,108.0,11.7,4.86,5.17,53.6,108.0,5.11,53.7,41.9,108.0,53.5
ref_ifwd_sender,83.1,87.2,80.6,84.9,84.2,83.7,101.0,8.99,84.1,83.9,84.6,84.8,6.31,49.0,25.3,55.6,5.05,54.9,8.42,11.7,25.4,5.58,14.3,55.0,4.96,33.5,18.0,22.7,22.3,6.31,27.7,11.7,287.0,4.99,12.4,17.9,54.2,11.0,55.4,15.4,13.5,15.8
ref_ifwd_receiver,83.0,86.9,80.3,84.6,83.9,83.5,101.0,8.98,83.9,83.7,84.4,84.6,6.28,48.7,25.2,55.4,5.02,54.7,8.38,11.7,25.3,5.54,14.2,54.7,4.93,33.4,17.9,22.6,22.2,6.28,27.6,11.7,285.0,4.98,12.3,17.8,54.0,11.0,55.2,15.4,13.5,15.7
ref_ifwd_sender,69.3,76.4,83.3,74.0,7.46,145.0,163.0,7.39,82.7,79.7,79.0,82.5,11.9,10.2,30.4,62.0,17.1,35.5,34.0,12.3,29.4,13.5,13.3,6.77,5.44,40.6,5.91,18.1,20.8,36.4,60.4,41.8,5.79,5.47,44.1,5.83,32.4,17.4,38.8,266.0,5.85,20.4
ref_ifwd_receiver,69.1,76.3,83.1,73.8,7.45,145.0,162.0,7.37,82.5,79.5,78.8,82.3,11.8,10.2,30.2,61.8,17.0,35.3,33.9,12.3,29.3,13.5,13.2,6.74,5.42,40.3,5.88,18.0,20.7,36.3,60.1,41.5,5.76,5.46,43.9,5.8,32.3,17.3,38.6,265.0,5.82,20.3
ref_ifwd_sender,82.0,85.1,85.4,76.3,84.0,85.1,8.11,82.0,86.8,102.0,86.6,85.7,63.4,17.0,33.0,28.6,74.0,47.3,59.3,73.6,7.06,10.0,7.52,16.3,6.62,16.3,7.19,10.2,9.16,24.4,220.0,10.1,32.4,6.65,7.27,9.97,17.7,58.4,11.2,13.8,32.1,8.43
ref_ifwd_receiver,81.6,85.0,85.2,76.1,83.8,84.9,8.08,81.8,86.6,101.0,86.5,85.6,63.2,16.9,32.9,28.5,73.6,47.0,59.1,73.5,7.03,10.0,7.49,16.3,6.6,16.2,7.16,10.1,9.12,24.3,219.0,10.1,32.3,6.62,7.23,9.93,17.6,58.2,11.1,13.8,32.1,8.39
ref_ifwd_sender,63.0,71.0,73.5,61.4,61.2,72.4,152.0,58.9,72.3,72.6,70.4,123.0,8.93,153.0,50.4,17.8,14.4,20.7,4.85,23.9,5.27,11.5,15.3,13.2,4.74,20.6,38.8,29.8,52.3,15.3,8.82,51.0,21.0,4.8,87.3,134.0,52.6,19.6,11.3,11.6,33.0,16.8
ref_ifwd_receiver,62.8,70.7,73.3,61.2,61.1,72.1,151.0,58.8,72.0,72.5,70.1,123.0,8.9,152.0,50.2,17.7,14.3,20.6,4.83,23.8,5.24,11.5,15.2,13.1,4.72,20.5,38.6,29.7,52.1,15.2,8.77,50.8,20.9,4.78,86.9,133.0,52.4,19.5,11.3,11.6,32.9,16.7
ref_ifwd_sender,73.4,6.65,96.2,193.0,74.1,56.5,54.5,56.2,73.4,120.0,73.3,73.5,8.41,15.2,7.03,4.89,54.1,6.95,92.1,18.3,8.78,11.3,12.2,8.22,4.74,15.0,115.0,52.3,35.6,52.4,132.0,5.35,21.3,4.72,36.2,17.0,11.9,30.9,51.9,52.6,52.3,14.2
ref_ifwd_receiver,73.3,6.64,95.9,193.0,73.9,56.3,54.4,56.1,73.3,120.0,73.1,73.3,8.38,15.2,7.0,4.87,53.9,6.9,91.8,18.2,8.73,11.3,12.1,8.18,4.72,14.9,114.0,52.1,35.4,52.1,131.0,5.32,21.3,4.71,36.0,17.0,11.8,30.7,51.7,52.2,52.1,14.1
ref_ifwd_sender,84.2,84.2,84.6,80.8,11.3,85.2,85.0,73.1,109.0,86.7,83.5,83.4,5.97,6.29,5.17,28.3,16.1,13.4,7.49,9.65,36.9,9.72,22.7,5.59,6.68,55.6,7.08,7.1,9.74,55.4,55.7,55.7,9.31,5.02,107.0,55.7,55.7,55.7,111.0,32.2,55.5,44.2
ref_ifwd_receiver,83.9,84.1,84.4,80.6,11.2,85.0,84.8,72.9,109.0,86.4,83.4,83.2,5.94,6.26,5.13,28.2,16.0,13.3,7.45,9.62,36.7,9.66,22.6,5.56,6.66,55.4,7.04,7.06,9.68,55.2,55.4,55.4,9.27,5.01,107.0,55.4,55.4,55.4,111.0,32.1,55.3,44.0
ref_ifwd_sender,73.5,79.1,80.9,124.0,70.5,73.7,78.9,23.1,97.9,80.0,60.6,109.0,62.8,9.57,48.3,9.55,11.9,63.4,19.1,5.93,28.5,62.0,8.63,10.9,5.61,6.2,37.9,18.3,6.26,15.5,12.3,28.3,12.2,5.62,6.03,254.0,47.3,47.9,12.2,26.3,52.9,13.2
ref_ifwd_receiver,73.1,78.9,80.7,124.0,70.2,73.5,78.7,23.0,97.6,79.7,60.6,108.0,62.4,9.53,48.2,9.51,11.9,63.2,19.0,5.9,28.5,61.7,8.6,10.9,5.6,6.16,37.7,18.2,6.22,15.5,12.3,28.2,12.2,5.59,5.99,253.0,47.1,47.7,12.1,26.2,52.6,13.1
ref_ifwd_sender,70.8,78.3,124.0,77.0,7.96,78.1,76.3,70.3,135.0,78.0,78.1,77.2,4.41,6.55,24.3,7.66,10.8,48.3,19.5,47.9,10.5,8.91,19.5,4.34,4.29,47.5,5.21,21.2,48.5,47.5,32.5,19.1,47.1,4.3,30.3,90.3,39.5,94.6,71.8,47.2,83.0,8.01
ref_ifwd_receiver,70.6,78.1,123.0,76.9,7.93,77.9,76.1,70.1,135.0,77.7,78.0,76.9,4.37,6.51,24.2,7.62,10.8,48.0,19.4,47.5,10.5,8.86,19.4,4.33,4.27,47.2,5.18,21.1,48.0,47.3,32.3,19.0,46.9,4.28,30.1,89.8,39.3,94.2,71.4,46.9,82.1,7.94
ref_ifwd_sender,81.6,77.8,83.1,13.0,69.2,82.8,79.2,81.2,83.8,79.4,82.5,137.0,29.7,26.9,16.3,55.1,6.49,33.1,27.5,55.6,28.3,5.29,110.0,55.6,4.97,8.01,40.6,16.2,17.7,46.6,108.0,19.7,20.3,5.02,51.7,29.4,15.6,54.3,17.1,16.2,14.7,14.6
ref_ifwd_receiver,81.4,77.6,82.8,12.9,69.0,82.5,79.0,81.0,83.6,79.2,82.3,136.0,29.6,26.7,16.2,54.9,6.46,33.0,27.4,55.4,28.2,5.25,110.0,55.4,4.96,7.97,40.5,16.2,17.6,46.4,108.0,19.6,20.2,5.0,51.5,29.3,15.5,54.2,17.0,16.2,14.7,14.5
ref_ifwd_sender,77.3,73.6,117.0,6.73,63.5,74.5,127.0,80.1,128.0,53.9,74.3,74.2,58.1,12.3,29.3,41.2,65.6,58.4,28.2,96.7,6.84,66.5,12.3,31.8,15.3,16.1,14.0,16.0,65.8,6.28,9.98,13.6,7.1,6.87,45.7,8.13,65.7,23.2,58.2,16.8,41.0,11.0
ref_ifwd_receiver,77.0,73.4,116.0,6.72,63.2,74.3,127.0,79.8,127.0,53.8,74.1,73.9,57.7,12.2,29.2,40.9,65.4,58.2,28.1,96.3,6.81,66.3,12.2,31.7,15.2,16.1,14.0,16.0,65.5,6.26,9.94,13.6,7.08,6.84,45.6,8.1,65.6,23.1,57.9,16.7,40.8,10.9
ref_ifwd_sender,118.0,69.5,89.6,70.9,98.4,69.0,88.9,68.1,69.0,70.7,70.1,68.6,5.6,12.6,57.2,59.1,6.78,22.2,7.62,7.3,13.4,59.0,7.45,28.7,5.17,167.0,6.82,11.6,8.21,20.7,173.0,20.8,57.1,5.19,21.0,45.4,13.9,20.7,14.1,26.2,6.2,39.0
ref_ifwd_receiver,118.0,69.2,89.2,70.8,97.9,68.8,88.4,68.0,68.9,70.4,69.9,68.5,5.57,12.6,57.0,58.9,6.75,22.1,7.58,7.27,13.4,58.7,7.41,28.5,5.15,167.0,6.78,11.5,8.17,20.6,172.0,20.7,56.9,5.17,20.9,45.2,13.8,20.6,14.0,26.1,6.17,38.9
ref_ifwd_sender,63.2,75.4,74.7,71.7,73.5,75.6,75.4,8.35,109.0,76.4,137.0,113.0,23.0,31.1,29.4,7.78,7.7,5.49,14.7,22.9,25.8,57.3,26.9,8.42,5.18,7.66,28.2,37.8,15.3,20.1,22.8,115.0,57.5,5.19,21.3,25.1,56.9,33.4,57.5,56.9,113.0,12.7
ref_ifwd_receiver,63.0,75.1,74.5,71.6,73.2,75.4,75.2,8.32,108.0,76.1,137.0,112.0,22.9,31.0,29.3,7.75,7.67,5.46,14.6,22.9,25.7,57.1,26.8,8.39,5.17,7.62,28.1,37.6,15.2,20.0,22.7,114.0,57.2,5.17,21.2,25.0,56.7,33.2,57.2,56.7,113.0,12.6
ref_ifwd_sender,78.3,78.8,84.7,79.3,31.4,85.8,80.1,77.1,130.0,72.7,78.7,74.4,9.83,36.8,5.68,62.4,27.2,24.5,34.7,14.0,5.64,6.67,60.4,11.3,5.51,20.8,17.2,33.8,11.4,61.3,23.3,46.0,24.7,5.54,6.02,22.2,61.3,17.8,215.0,43.4,20.9,13.8
ref_ifwd_receiver,78.0,78.6,84.4,79.1,31.2,85.5,79.8,76.8,129.0,72.5,78.5,74.2,9.78,36.7,5.64,62.1,27.0,24.4,34.6,13.9,5.62,6.65,60.2,11.3,5.48,20.7,17.1,33.6,11.3,61.1,23.2,45.9,24.6,5.52,5.98,22.2,61.0,17.8,214.0,43.2,20.8,13.8
ref_ifwd_sender,76.8,77.4,161.0,24.0,7.12,79.3,76.8,7.23,187.0,98.2,78.0,78.7,36.3,16.6,4.63,4.88,11.5,5.21,6.2,100.0,6.71,7.54,6.41,14.4,4.51,15.5,25.4,50.5,52.0,19.9,38.7,46.1,124.0,4.52,40.2,43.9,49.8,50.0,49.6,18.7,49.9,49.7
ref_ifwd_receiver,76.6,77.2,161.0,23.9,7.11,79.1,76.7,7.21,186.0,97.7,77.9,78.4,36.1,16.5,4.6,4.86,11.4,5.18,6.17,99.8,6.67,7.51,6.38,14.3,4.49,15.4,25.3,50.2,51.7,19.9,38.5,45.9,123.0,4.5,40.1,43.7,49.6,49.8,49.3,18.6,49.6,49.5
ref_ifwd_sender,56.4,75.0,75.8,6.93,112.0,75.0,73.3,97.1,75.2,75.3,74.8,155.0,66.9,31.1,61.7,21.6,42.8,65.5,7.78,27.6,60.2,38.8,56.1,19.2,5.95,152.0,6.83,7.88,14.6,9.82,11.4,65.6,49.4,6.34,17.7,16.1,13.1,6.56,15.5,22.1,17.1,9.93
ref_ifwd_receiver,56.3,74.7,75.6,6.91,111.0,74.8,73.1,96.6,75.0,75.2,74.7,154.0,66.7,31.0,61.4,21.6,42.6,65.1,7.75,27.5,59.9,38.5,55.8,19.1,5.93,151.0,6.81,7.85,14.6,9.77,11.3,65.4,49.2,6.31,17.7,16.0,13.0,6.54,15.4,22.0,17.1,9.89
ref_ifwd_sender,59.3,69.6,124.0,65.5,62.7,74.6,75.3,125.0,75.8,74.6,71.4,73.1,29.7,6.27,58.3,47.2,34.6,5.92,13.9,33.1,31.7,60.1,10.2,6.27,5.35,59.4,5.86,7.46,57.8,24.2,5.35,25.4,32.7,5.4,57.3,14.4,37.5,59.5,59.8,51.4,58.3,46.1
ref_ifwd_receiver,59.2,69.5,123.0,65.3,62.4,74.3,75.0,125.0,75.5,74.5,71.2,72.9,29.6,6.23,58.1,46.9,34.4,5.88,13.8,33.0,31.6,59.9,10.1,6.23,5.33,59.1,5.83,7.43,57.6,24.1,5.33,25.3,32.6,5.38,57.1,14.3,37.3,59.3,59.4,51.2,58.2,45.9
ref_ifwd_sender,20.8,76.8,75.6,56.0,56.2,78.2,73.1,54.5,77.8,78.1,199.0,107.0,21.7,8.52,6.68,50.9,6.89,7.13,20.4,59.6,6.52,4.88,28.0,9.68,4.77,15.1,4.86,53.1,45.5,41.1,4.79,43.5,70.3,4.82,4.77,4.75,182.0,21.4,10.4,162.0,8.99,39.7
ref_ifwd_receiver,20.8,76.6,75.5,55.9,56.0,78.0,72.9,54.2,77.6,77.9,198.0,107.0,21.6,8.48,6.64,50.7,6.86,7.1,20.3,59.2,6.48,4.86,27.9,9.63,4.76,15.1,4.84,52.8,45.3,40.9,4.77,43.3,70.0,4.8,4.75,4.73,181.0,21.3,10.3,161.0,8.94,39.5
ref_ifwd_sender,71.6,59.7,77.6,63.8,60.7,75.5,76.0,74.9,46.8,101.0,169.0,74.6,35.2,7.62,117.0,70.2,37.9,24.2,10.9,16.0,70.0,17.0,16.0,44.5,6.19,6.51,15.1,9.76,22.5,27.1,6.17,6.36,76.1,7.09,32.0,46.1,36.7,34.5,36.1,7.77,34.3,68.1
ref_ifwd_receiver,71.4,59.6,77.4,63.7,60.5,75.3,75.8,74.7,46.7,101.0,168.0,74.3,35.0,7.59,117.0,70.0,37.8,24.1,10.9,15.9,69.8,16.8,15.9,44.3,6.16,6.47,15.1,9.71,22.4,27.0,6.15,6.33,75.6,7.06,32.0,45.8,36.6,34.4,35.9,7.73,34.2,67.9
ref_ifwd_sender,75.1,77.6,74.5,76.9,11.2,76.9,76.9,139.0,77.7,80.6,69.8,116.0,56.3,13.9,35.8,13.1,9.01,14.6,36.6,6.34,56.4,12.8,6.0,31.6,5.15,6.44,8.32,19.8,7.65,57.4,5.18,57.5,26.9,5.21,5.85,57.4,45.8,54.9,167.0,58.7,12.8,56.9
ref_ifwd_receiver,74.9,77.4,74.3,76.5,11.2,76.7,76.6,139.0,77.5,80.4,69.6,115.0,56.1,13.8,35.7,13.1,8.96,14.6,36.4,6.32,56.2,12.8,5.97,31.5,5.13,6.42,8.28,19.7,7.61,57.1,5.15,57.2,26.7,5.18,5.82,57.1,45.6,54.8,166.0,58.6,12.7,56.7
ref_ifwd_sender,130.0,53.9,81.0,80.5,80.3,80.0,79.6,76.6,81.0,80.0,50.4,77.4,16.8,23.6,25.7,55.5,11.4,11.0,5.09,18.8,21.3,5.68,7.27,12.4,5.0,53.5,5.09,20.3,18.4,10.6,4.98,41.5,5.84,5.02,110.0,24.2,55.5,203.0,33.6,65.6,21.9,51.5
ref_ifwd_receiver,129.0,53.7,80.8,80.2,80.1,79.9,79.4,76.5,80.8,79.8,50.3,77.2,16.7,23.5,25.6,55.3,11.4,10.9,5.05,18.7,21.3,5.65,7.23,12.4,4.98,53.2,5.07,20.2,18.4,10.5,4.96,41.3,5.8,5.0,110.0,24.1,55.2,202.0,33.5,65.3,21.8,51.3
ref_ifwd_sender,77.6,71.3,82.5,82.9,84.2,81.5,133.0,81.3,83.5,84.0,8.18,82.6,9.87,5.95,63.8,25.4,5.9,19.6,10.4,24.8,8.73,25.7,7.55,27.9,16.3,124.0,12.4,7.43,13.9,31.3,5.6,62.3,5.72,5.65,5.62,30.7,56.5,61.5,126.0,62.7,25.0,62.8
ref_ifwd_receiver,77.5,71.2,82.4,82.8,84.0,81.3,132.0,81.1,83.3,83.9,8.16,82.4,9.84,5.9,63.7,25.3,5.86,19.5,10.4,24.8,8.68,25.6,7.52,27.8,16.2,124.0,12.3,7.4,13.8,31.2,5.58,61.9,5.69,5.63,5.61,30.6,56.4,61.3,125.0,62.5,25.0,62.5
ref_ifwd_sender,73.5,73.7,76.6,76.2,63.2,50.4,75.0,74.2,60.5,178.0,75.5,75.1,15.5,31.6,28.0,69.5,51.4,63.1,25.4,13.2,29.5,18.4,19.4,47.7,6.23,15.5,9.0,33.2,10.4,21.6,6.22,14.3,14.3,52.9,6.22,40.0,138.0,20.6,59.1,10.5,69.1,9.1
ref_ifwd_receiver,73.3,73.5,76.3,75.9,63.0,50.2,74.9,74.1,60.2,177.0,75.4,75.0,15.5,31.5,27.9,69.3,51.1,63.0,25.3,13.1,29.5,18.3,19.4,47.5,6.22,15.4,8.96,33.1,10.4,21.5,6.2,14.2,14.2,52.6,6.2,39.8,138.0,20.5,58.9,10.5,68.9,9.08
ref_ifwd_sender,61.9,65.4,72.7,73.8,72.6,72.4,71.7,178.0,69.9,70.7,70.1,72.5,16.3,28.7,37.3,32.9,18.7,21.7,53.9,11.8,14.4,7.3,48.7,12.1,4.85,13.1,109.0,54.5,16.5,54.3,4.9,54.0,49.1,4.94,4.91,54.3,109.0,42.0,15.4,19.0,13.6,24.7
ref_ifwd_receiver,61.6,65.1,72.5,73.5,72.5,72.3,71.4,178.0,69.7,70.5,70.0,72.3,16.3,28.6,37.1,32.7,18.6,21.7,53.7,11.7,14.3,7.28,48.5,12.1,4.84,13.0,108.0,54.2,16.4,54.0,4.88,53.8,48.8,4.92,4.88,54.0,109.0,41.9,15.4,18.9,13.5,24.6
ref_ifwd_sender,57.8,74.1,76.9,120.0,71.7,80.2,74.9,75.1,76.1,69.5,101.0,75.9,9.18,28.5,39.0,22.5,6.11,45.6,35.2,54.8,48.0,27.0,9.84,7.68,4.94,54.6,11.0,18.6,19.7,37.3,6.45,53.2,55.1,4.96,4.92,14.6,54.2,109.0,49.6,53.8,17.6,49.8
ref_ifwd_receiver,57.6,73.9,76.7,119.0,71.5,79.8,74.7,74.9,75.9,69.2,100.0,75.6,9.15,28.4,38.9,22.3,6.07,45.3,35.1,54.5,47.8,26.9,9.78,7.64,4.92,54.3,11.0,18.5,19.7,37.1,6.42,53.0,54.8,4.94,4.9,14.6,54.0,108.0,49.5,53.7,17.5,49.6
ref_ifwd_sender,76.6,63.5,83.5,73.2,79.1,94.3,80.1,80.6,80.2,81.1,79.9,77.5,6.4,60.6,10.0,61.2,53.4,39.2,13.0,8.26,27.1,20.2,19.9,29.6,15.0,7.26,16.2,8.82,13.8,20.9,5.46,28.1,38.8,5.46,5.45,5.89,208.0,60.3,18.2,14.8,120.0,6.44
ref_ifwd_receiver,76.4,63.2,83.3,73.0,78.9,94.1,79.8,80.3,80.0,80.8,79.7,77.2,6.36,60.3,9.95,61.0,53.2,39.0,13.0,8.21,26.9,20.0,19.8,29.5,14.9,7.23,16.1,8.77,13.7,20.8,5.44,27.9,38.6,5.44,5.43,5.87,207.0,60.0,18.2,14.7,120.0,6.4
ref_ifwd_sender,77.7,77.3,83.9,80.3,77.7,121.0,69.5,34.4,78.9,78.8,67.5,105.0,12.5,15.0,38.5,17.1,59.4,47.5,8.36,8.77,11.2,5.36,28.5,6.59,5.31,6.85,7.22,7.4,6.69,7.44,5.27,50.2,8.82,5.3,5.23,40.2,58.4,292.0,88.7,25.3,44.7,23.6
ref_ifwd_receiver,77.5,77.0,83.6,80.1,77.5,121.0,69.3,34.2,78.6,78.5,67.3,104.0,12.5,14.9,38.4,17.1,59.2,47.2,8.31,8.73,11.2,5.34,28.5,6.55,5.29,6.81,7.19,7.36,6.66,7.4,5.25,50.0,8.77,5.28,5.22,40.0,58.2,290.0,88.3,25.2,44.5,23.6
ref_ifwd_sender,108.0,70.9,78.1,76.5,67.6,76.7,80.9,44.0,76.2,123.0,76.3,70.8,12.8,6.22,28.6,7.06,29.8,16.1,12.8,22.6,6.56,22.8,19.1,7.44,5.05,56.2,18.5,56.6,64.0,112.0,5.04,43.7,24.6,5.09,5.79,55.9,19.2,200.0,29.4,14.7,22.4,21.1
ref_ifwd_receiver,108.0,70.8,78.0,76.3,67.4,76.4,80.6,43.9,76.0,123.0,76.1,70.5,12.7,6.19,28.5,7.03,29.6,16.1,12.7,22.5,6.51,22.8,18.9,7.41,5.04,55.9,18.5,56.3,63.5,111.0,5.03,43.5,24.5,5.08,5.75,55.7,19.2,199.0,29.3,14.6,22.3,21.1
ref_ifwd_sender,112.0,73.8,103.0,85.5,71.3,89.8,64.8,63.7,76.9,86.5,63.3,62.2,32.4,35.7,14.4,67.2,14.0,7.54,6.2,24.2,23.8,65.5,29.2,10.3,6.4,38.4,8.14,8.58,57.4,8.54,5.93,14.0,35.2,6.56,5.96,180.0,70.9,11.4,49.6,61.7,33.6,15.2
ref_ifwd_receiver,112.0,73.7,102.0,85.0,71.1,89.5,64.7,63.4,76.6,86.2,63.1,61.9,32.3,35.4,14.3,67.1,13.9,7.51,6.17,24.1,23.8,65.2,29.2,10.3,6.36,38.3,8.11,8.54,57.2,8.49,5.92,13.9,35.1,6.53,5.95,179.0,70.5,11.3,49.4,61.5,33.5,15.1
