ref_fwd_sender,64.7,13.5,11.2,62.7,63.1,214.0,24.1,21.0,38.4,127.0,190.0,127.0,46.7,43.3,22.2,16.2,38.0,12.4,36.0,102.0,43.4,6.16,11.6,55.6,44.5,44.0,42.1,44.0,42.8,42.8,17.2,3.92,12.6,79.0,42.6,3.87,43.4,3.93,3.94,43.3,3.87,3.87
ref_fwd_receiver,64.4,13.5,11.2,62.5,62.9,213.0,24.0,20.9,38.3,127.0,189.0,126.0,46.3,43.1,22.0,16.1,37.7,12.3,35.8,102.0,43.2,6.12,11.5,55.2,44.2,43.8,42.0,43.6,42.5,42.5,17.1,3.91,12.5,78.6,42.4,3.85,43.1,3.91,3.92,43.0,3.86,3.85
ref_fwd_sender,71.3,43.6,76.2,74.9,75.9,79.6,57.3,67.2,64.4,153.0,120.0,69.5,14.4,34.1,89.5,52.6,26.0,26.8,8.9,12.8,7.47,10.2,30.9,7.26,71.3,18.8,13.5,66.9,11.2,8.5,33.7,142.0,49.9,34.6,35.3,11.0,31.2,7.23,17.5,9.63,35.1,26.7
ref_fwd_receiver,71.1,43.4,76.0,74.6,75.6,79.3,57.1,67.1,64.2,152.0,119.0,69.3,14.3,34.0,89.3,52.4,25.9,26.8,8.86,12.8,7.43,10.2,30.8,7.23,71.0,18.7,13.5,66.7,11.2,8.47,33.7,142.0,49.8,34.5,35.2,10.9,31.2,7.19,17.5,9.6,35.0,26.6
ref_fwd_sender,72.1,71.2,71.0,73.4,59.1,53.2,55.2,165.0,120.0,70.4,71.3,71.0,9.11,54.4,54.2,18.5,53.1,57.1,6.84,24.4,57.3,60.3,17.5,39.5,16.0,9.53,48.1,24.6,36.8,28.4,29.6,11.0,8.95,7.88,7.19,9.37,52.6,9.61,51.8,56.9,29.0,56.4
ref_fwd_receiver,71.9,71.0,70.8,73.2,58.9,53.1,55.0,164.0,119.0,70.2,71.1,70.8,9.06,54.2,53.9,18.4,52.8,56.8,6.81,24.3,57.1,60.1,17.4,39.4,16.0,9.5,48.0,24.5,36.7,28.4,29.4,11.0,8.93,7.84,7.16,9.33,52.4,9.58,51.7,56.7,28.9,56.2
ref_fwd_sender,72.8,65.9,95.6,74.5,67.7,74.3,72.5,74.5,74.7,73.9,74.7,132.0,32.1,30.7,38.5,36.1,24.5,39.9,55.5,12.4,26.4,14.8,7.53,34.9,30.6,25.9,16.7,61.0,21.3,26.8,25.9,65.8,63.4,38.9,5.91,15.0,26.2,36.2,66.0,35.8,25.0,11.5
ref_fwd_receiver,72.5,65.7,95.3,74.3,67.5,74.0,72.2,74.2,74.5,73.7,74.5,132.0,32.0,30.7,38.4,36.0,24.4,39.7,55.3,12.3,26.2,14.7,7.49,34.8,30.5,25.7,16.6,60.8,21.2,26.7,25.8,65.5,63.2,38.8,5.9,15.0,26.1,36.1,65.8,35.7,24.9,11.4
ref_fwd_sender,57.6,6.94,73.6,67.7,75.5,72.2,215.0,76.4,77.3,77.2,76.6,76.7,10.8,60.9,6.71,26.6,8.15,25.7,11.1,22.2,5.87,55.4,25.1,58.6,9.82,27.4,34.0,60.0,44.3,7.22,16.2,25.3,59.6,13.2,5.42,160.0,21.9,23.7,51.0,30.9,24.3,22.0
ref_fwd_receiver,57.5,6.93,73.3,67.5,75.2,72.0,215.0,76.2,77.0,77.0,76.4,76.4,10.7,60.7,6.67,26.5,8.1,25.6,11.1,22.1,5.84,55.2,25.0,58.4,9.77,27.3,33.9,59.8,44.1,7.17,16.1,25.2,59.4,13.1,5.4,159.0,21.9,23.6,50.8,30.8,24.2,21.9
ref_fwd_sender,62.0,74.7,12.8,82.6,80.9,82.8,83.6,75.9,81.3,83.6,149.0,82.6,7.55,43.3,74.4,39.5,18.7,89.1,32.2,6.67,50.1,25.9,45.0,40.9,24.9,61.5,38.0,13.4,15.3,16.8,31.6,13.4,48.6,23.2,6.49,16.1,67.0,7.49,18.8,12.7,11.4,47.5
ref_fwd_receiver,61.9,74.5,12.8,82.5,80.8,82.6,83.4,75.7,81.1,83.4,148.0,82.3,7.52,43.1,74.1,39.4,18.6,88.5,32.0,6.64,50.0,25.8,44.7,40.8,24.8,61.4,37.9,13.4,15.2,16.8,31.5,13.4,48.4,23.1,6.47,16.0,66.8,7.46,18.8,12.7,11.4,47.4
ref_fwd_sender,170.0,57.0,7.49,73.6,73.5,72.6,71.0,68.2,74.5,73.6,51.7,160.0,14.1,24.1,13.0,25.5,42.4,8.04,31.3,58.4,7.46,6.12,8.9,6.55,16.8,58.3,58.8,6.42,16.6,14.7,40.1,23.3,58.9,58.9,5.27,58.8,58.2,17.2,40.1,57.1,58.8,58.6
ref_fwd_receiver,169.0,56.8,7.48,73.3,73.4,72.3,70.9,67.9,74.2,73.5,51.5,159.0,14.0,24.0,12.9,25.4,42.2,8.0,31.1,58.2,7.43,6.09,8.85,6.52,16.7,58.0,58.5,6.38,16.5,14.7,39.9,23.2,58.6,58.6,5.26,58.6,58.1,17.2,40.0,56.7,58.6,58.4
ref_fwd_sender,70.3,7.23,68.6,64.8,69.7,151.0,68.4,68.4,179.0,69.2,65.4,69.8,6.79,6.81,15.6,19.6,4.66,4.65,14.6,15.4,6.53,11.4,9.75,8.91,66.8,17.8,9.69,28.2,4.79,19.9,139.0,50.0,16.3,104.0,4.49,23.1,14.9,22.9,147.0,15.0,99.9,42.3
ref_fwd_receiver,70.0,7.19,68.3,64.7,69.5,151.0,68.2,68.1,178.0,69.0,65.2,69.7,6.76,6.78,15.5,19.5,4.64,4.62,14.6,15.4,6.5,11.4,9.71,8.83,66.3,17.7,9.64,28.1,4.76,19.8,139.0,49.7,16.2,104.0,4.48,22.9,14.8,22.8,146.0,15.0,99.4,42.1
ref_fwd_sender,81.0,8.65,82.0,82.2,80.5,85.6,81.3,75.4,72.8,80.9,141.0,81.8,25.2,13.8,66.0,6.06,13.7,36.5,128.0,25.6,13.2,40.1,8.71,18.2,26.8,30.0,29.8,64.6,35.0,38.0,25.6,30.3,64.9,14.1,7.73,33.0,25.7,33.7,16.7,27.7,21.2,32.1
ref_fwd_receiver,80.7,8.61,81.7,82.0,80.3,85.3,81.1,75.2,72.6,80.7,141.0,81.7,25.1,13.8,65.8,6.04,13.6,36.4,128.0,25.6,13.2,40.0,8.66,18.2,26.7,29.9,29.7,64.4,34.9,37.9,25.5,30.2,64.8,14.1,7.69,32.9,25.5,33.6,16.7,27.6,21.1,32.0
ref_fwd_sender,76.8,31.5,128.0,80.9,85.8,80.7,79.1,79.4,76.0,73.6,80.2,79.1,14.2,27.8,16.9,57.9,8.2,9.46,6.38,40.1,6.62,16.8,6.18,6.1,27.9,56.4,21.1,10.3,57.2,25.9,47.4,13.1,36.0,11.0,5.11,34.9,149.0,113.0,24.5,22.6,22.0,56.6
ref_fwd_receiver,76.6,31.3,128.0,80.8,85.5,80.5,78.9,79.1,75.8,73.5,80.0,78.9,14.1,27.6,16.9,57.6,8.16,9.4,6.34,40.0,6.58,16.7,6.16,6.08,27.8,56.2,21.0,10.2,56.9,25.8,47.3,13.0,35.9,10.9,5.09,34.8,149.0,112.0,24.4,22.5,21.9,56.3
ref_fwd_sender,84.6,79.8,9.5,87.8,87.2,86.1,86.4,88.7,88.1,88.2,89.5,74.1,44.6,41.3,72.3,10.3,15.3,27.3,28.9,29.2,20.6,44.8,36.1,84.4,22.2,8.19,8.28,8.08,25.5,39.9,17.1,7.68,11.7,10.7,6.53,26.4,58.6,6.69,33.2,8.32,24.6,168.0
ref_fwd_receiver,84.4,79.7,9.49,87.7,87.0,85.9,86.3,88.6,87.9,87.9,89.2,74.0,44.4,41.2,72.1,10.2,15.3,27.2,28.8,29.1,20.5,44.6,36.0,84.0,22.2,8.16,8.25,8.05,25.4,39.8,17.1,7.66,11.7,10.6,6.5,26.3,58.5,6.67,32.9,8.28,24.5,168.0
ref_fwd_sender,73.8,17.2,78.8,77.7,79.7,79.9,63.9,73.3,171.0,79.5,79.8,80.0,48.7,7.59,71.1,62.0,55.2,51.1,11.3,36.6,9.46,19.6,25.7,36.4,8.43,69.4,50.4,11.8,64.7,11.7,30.1,37.8,42.1,34.8,6.29,10.0,18.1,22.2,38.0,34.6,15.6,7.4
ref_fwd_receiver,73.6,17.1,78.7,77.4,79.6,79.6,63.7,73.2,170.0,79.3,79.7,79.8,48.5,7.55,70.9,61.8,55.0,51.0,11.2,36.5,9.41,19.6,25.6,36.3,8.41,69.2,50.3,11.7,64.5,11.6,30.0,37.7,42.0,34.8,6.26,9.98,18.0,22.1,37.9,34.4,15.6,7.36
ref_fwd_sender,83.8,64.2,83.6,78.4,84.0,83.6,84.1,61.2,84.0,86.8,74.1,84.6,12.5,42.1,47.6,41.1,31.2,21.5,7.35,132.0,10.6,26.1,14.2,8.96,31.2,19.6,36.1,27.7,26.3,5.91,64.8,19.6,25.5,66.1,5.91,35.4,5.94,40.8,27.2,26.3,42.3,47.6
ref_fwd_receiver,83.5,64.1,83.3,78.2,83.8,83.4,83.9,60.9,83.8,86.5,73.9,84.4,12.5,42.0,47.5,41.0,31.1,21.4,7.32,132.0,10.5,26.1,14.1,8.93,31.1,19.5,36.0,27.6,26.2,5.89,64.6,19.6,25.4,65.9,5.9,35.3,5.92,40.6,27.1,26.3,42.2,47.5
ref_fwd_sender,74.2,68.2,74.5,201.0,76.6,75.5,74.3,72.4,72.7,73.7,14.9,74.4,23.7,45.1,6.06,18.6,18.0,23.6,12.7,17.7,17.1,9.38,6.33,8.74,5.2,51.9,30.7,183.0,41.4,5.21,57.7,20.3,58.3,50.3,5.22,58.5,5.26,23.5,16.0,26.0,57.9,46.1
ref_fwd_receiver,74.2,68.0,74.3,200.0,76.3,75.2,74.1,72.2,72.5,73.5,14.8,74.2,23.7,45.0,6.04,18.5,17.9,23.5,12.7,17.6,17.0,9.34,6.3,8.71,5.18,51.7,30.5,182.0,41.1,5.2,57.5,20.3,58.1,50.2,5.21,58.2,5.23,23.5,15.9,25.9,57.5,45.9
ref_fwd_sender,80.1,7.24,142.0,81.1,78.7,70.5,70.6,79.8,105.0,80.7,77.3,79.6,70.9,15.1,18.8,70.3,36.6,40.5,6.56,33.0,50.4,9.5,34.6,70.5,6.32,40.9,41.9,7.75,20.6,6.31,17.3,19.3,19.2,11.6,12.1,8.51,66.6,9.17,62.0,19.0,63.3,58.5
ref_fwd_receiver,79.9,7.22,141.0,80.9,78.5,70.4,70.5,79.6,105.0,80.5,77.1,79.4,70.7,15.1,18.6,70.2,36.4,40.5,6.53,32.9,50.1,9.46,34.5,70.2,6.32,40.7,41.8,7.72,20.5,6.3,17.3,19.1,19.1,11.5,12.1,8.47,66.4,9.13,61.9,19.0,63.1,58.4
ref_fwd_sender,73.1,128.0,94.5,76.5,74.8,75.4,78.6,75.8,70.1,75.8,60.3,68.6,23.1,34.8,67.5,9.37,73.5,6.77,7.42,143.0,13.0,8.35,16.2,30.4,6.42,45.3,15.4,65.1,58.0,6.43,21.2,18.9,13.3,19.3,14.7,66.6,27.6,7.61,23.8,50.5,31.9,20.6
ref_fwd_receiver,72.8,128.0,94.2,76.2,74.5,75.2,78.3,75.5,69.9,75.7,60.1,68.5,23.0,34.6,67.3,9.35,73.3,6.75,7.38,142.0,12.9,8.32,16.1,30.3,6.39,45.0,15.4,65.0,57.7,6.41,21.2,18.9,13.2,19.2,14.6,66.3,27.5,7.58,23.6,50.2,31.8,20.6
ref_fwd_sender,74.7,9.81,76.6,76.1,77.2,76.7,68.5,154.0,68.5,71.6,120.0,76.5,69.7,8.71,70.6,60.5,46.9,31.7,41.1,7.37,49.2,26.6,19.4,11.6,12.5,26.2,18.5,11.5,14.7,6.25,71.4,23.4,65.2,7.0,6.22,25.1,6.71,20.7,25.6,26.8,102.0,34.6
ref_fwd_receiver,74.4,9.79,76.5,76.0,76.9,76.4,68.2,154.0,68.4,71.4,120.0,76.4,69.4,8.68,70.5,60.4,46.7,31.6,41.0,7.33,49.1,26.5,19.3,11.6,12.5,26.0,18.5,11.4,14.6,6.23,71.0,23.3,65.0,6.97,6.21,25.0,6.69,20.6,25.6,26.7,102.0,34.4
ref_fwd_sender,50.2,71.2,7.48,208.0,80.0,80.1,79.0,76.9,80.3,78.7,60.6,78.4,7.31,28.2,11.1,23.4,10.6,52.2,6.52,36.6,69.1,140.0,59.2,13.4,6.22,35.4,42.8,21.7,9.21,12.3,9.31,21.8,55.2,68.2,6.55,34.1,7.24,27.8,58.9,7.14,6.82,57.5
ref_fwd_receiver,50.1,71.0,7.47,207.0,79.8,79.9,78.7,76.7,80.1,78.5,60.4,78.2,7.28,28.2,11.1,23.4,10.6,52.0,6.49,36.5,68.9,139.0,58.9,13.3,6.2,35.3,42.7,21.6,9.17,12.1,9.28,21.8,55.0,68.0,6.53,34.0,7.22,27.7,58.7,7.11,6.8,57.3
ref_fwd_sender,79.1,43.8,80.9,156.0,72.6,82.4,118.0,80.5,80.0,81.7,11.4,65.9,53.8,14.7,17.9,27.9,23.3,73.1,8.13,53.8,83.0,7.69,11.1,31.3,6.36,6.98,71.0,48.0,6.73,6.38,41.9,7.35,8.27,6.83,6.38,51.8,23.5,141.0,25.7,7.37,63.5,9.06
ref_fwd_receiver,78.8,43.6,80.7,155.0,72.4,82.2,117.0,80.3,79.8,81.5,11.4,65.8,53.5,14.6,17.8,27.8,23.1,72.8,8.1,53.7,82.4,7.65,11.0,31.2,6.34,6.96,70.8,47.9,6.69,6.36,41.8,7.31,8.24,6.79,6.37,51.6,23.4,141.0,25.6,7.34,63.3,9.03
ref_fwd_sender,76.5,76.7,7.09,79.3,130.0,133.0,76.5,78.1,78.8,77.5,56.6,77.7,58.7,10.3,59.8,10.1,23.1,23.5,5.76,7.22,34.1,6.77,25.7,7.17,5.24,5.33,6.28,15.3,18.5,5.23,28.6,114.0,7.69,48.0,5.22,5.32,5.23,24.6,58.3,149.0,114.0,57.2
ref_fwd_receiver,76.3,76.5,7.07,79.1,130.0,133.0,76.3,78.0,78.6,77.3,56.4,77.5,58.4,10.3,59.5,10.1,23.0,23.5,5.71,7.19,34.0,6.74,25.6,7.1,5.23,5.3,6.24,15.2,18.4,5.21,28.5,114.0,7.65,47.7,5.2,5.3,5.21,24.5,58.0,149.0,114.0,57.0
ref_fwd_sender,64.6,67.8,78.9,114.0,78.6,78.1,55.6,77.6,79.0,112.0,54.6,90.6,43.7,10.7,15.1,39.9,66.3,47.9,6.14,18.6,6.98,42.0,27.1,45.6,5.92,21.7,42.6,10.0,6.09,5.92,26.2,6.11,7.16,14.5,5.89,64.7,5.94,170.0,65.1,33.3,59.3,26.0
ref_fwd_receiver,64.5,67.7,78.7,114.0,78.4,78.0,55.5,77.3,78.8,112.0,54.3,90.4,43.5,10.7,15.1,39.7,66.1,47.8,6.11,18.5,6.95,41.8,27.0,45.4,5.9,21.7,42.3,9.97,6.05,5.91,26.1,6.08,7.12,14.5,5.87,64.6,5.92,169.0,65.0,33.2,59.1,25.9
ref_fwd_sender,172.0,13.6,72.4,121.0,75.2,74.4,74.2,74.2,61.7,81.8,57.3,74.4,16.5,11.3,58.3,19.4,6.22,11.0,21.1,13.7,28.5,56.6,7.95,49.4,5.11,32.3,26.8,14.5,7.62,5.17,24.7,32.2,110.0,15.2,8.05,57.3,5.09,31.8,33.4,140.0,56.9,46.0
ref_fwd_receiver,171.0,13.5,72.2,121.0,75.0,74.1,74.0,74.0,61.6,81.5,57.1,74.3,16.4,11.2,58.0,19.3,6.19,10.9,21.1,13.6,28.4,56.4,7.89,49.2,5.09,32.1,26.7,14.4,7.59,5.15,24.6,32.0,109.0,15.1,8.01,57.0,5.07,31.6,33.3,139.0,56.7,45.8
ref_fwd_sender,80.6,38.2,79.5,82.4,75.4,81.4,80.9,81.7,82.0,80.9,78.5,112.0,49.2,58.0,13.3,6.3,13.5,9.23,20.4,14.0,43.8,16.7,11.4,13.1,5.3,33.2,6.44,15.7,57.5,5.3,20.1,19.7,58.7,42.7,6.33,59.0,5.29,105.0,20.5,58.2,105.0,58.6
ref_fwd_receiver,80.4,38.1,79.3,82.2,75.1,81.2,80.7,81.6,81.7,80.6,78.3,111.0,49.0,57.8,13.2,6.26,13.4,9.18,20.3,13.9,43.6,16.7,11.4,13.0,5.28,33.1,6.41,15.6,57.3,5.28,20.0,19.6,58.5,42.5,6.3,58.8,5.27,105.0,20.4,58.1,105.0,58.4
ref_fwd_sender,80.0,71.8,119.0,72.3,79.5,76.0,77.1,79.7,71.2,80.6,64.6,79.4,117.0,9.47,22.7,35.1,9.51,8.3,58.1,6.88,9.85,5.36,29.7,50.6,7.5,15.5,12.8,7.46,25.5,8.78,19.4,5.74,5.77,33.5,5.21,115.0,6.17,33.0,96.2,17.8,115.0,57.3
ref_fwd_receiver,79.8,71.6,119.0,72.2,79.3,75.8,76.9,79.4,71.0,80.3,64.4,79.2,116.0,9.42,22.5,34.9,9.47,8.26,57.8,6.84,9.8,5.34,29.6,50.5,7.46,15.4,12.8,7.43,25.5,8.74,19.4,5.71,5.74,33.4,5.19,114.0,6.15,32.8,95.8,17.7,114.0,57.1
ref_fwd_sender,68.3,51.6,74.4,71.2,73.0,73.7,75.6,161.0,72.8,101.0,6.82,122.0,22.4,16.1,59.0,68.9,27.1,33.2,35.9,38.2,43.5,7.61,17.5,28.1,5.99,8.5,17.8,7.62,28.3,6.01,36.6,9.56,11.3,18.9,6.01,8.72,8.28,66.8,27.1,261.0,8.9,10.1
ref_fwd_receiver,68.2,51.5,74.1,71.0,72.9,73.5,75.3,161.0,72.6,101.0,6.8,121.0,22.3,16.0,58.8,68.7,27.0,33.1,35.9,37.9,43.4,7.57,17.4,28.0,5.98,8.46,17.8,7.59,28.1,5.99,36.5,9.53,11.2,18.8,6.0,8.68,8.25,66.6,27.0,261.0,8.85,10.0
ref_fwd_sender,133.0,109.0,65.4,69.0,62.5,61.9,72.9,92.1,76.3,74.2,71.5,64.3,4.74,4.89,11.7,52.4,25.4,26.1,23.5,11.2,4.76,7.4,5.15,39.4,4.58,41.1,9.04,50.6,5.53,4.67,50.3,9.03,143.0,51.5,4.65,115.0,4.62,51.9,51.8,52.0,50.2,33.6
ref_fwd_receiver,132.0,108.0,65.3,68.7,62.2,61.7,72.6,91.6,76.0,73.9,71.3,64.1,4.71,4.85,11.6,52.1,25.3,25.9,23.4,11.1,4.7,7.36,5.12,39.3,4.57,40.9,8.98,50.4,5.51,4.63,50.2,8.97,143.0,51.3,4.63,114.0,4.59,51.6,51.6,51.8,50.0,33.5
ref_fwd_sender,80.5,67.9,125.0,74.9,135.0,53.8,74.8,74.1,73.7,53.0,64.9,73.2,61.9,37.8,7.47,9.38,5.9,35.9,5.85,8.03,397.0,55.1,8.74,62.1,5.56,52.5,6.67,5.99,6.46,5.55,6.25,6.04,24.6,5.86,5.56,18.3,5.55,5.8,44.4,25.5,9.57,6.13
ref_fwd_receiver,80.2,67.6,125.0,74.7,134.0,53.6,74.7,73.8,73.5,52.9,64.7,72.9,61.7,37.7,7.42,9.34,5.87,35.8,5.81,8.0,395.0,54.9,8.71,61.9,5.54,52.3,6.64,5.96,6.43,5.54,6.22,6.02,24.5,5.83,5.54,18.3,5.53,5.78,44.2,25.4,9.53,6.1
ref_fwd_sender,54.2,90.4,75.3,82.9,84.0,97.4,83.5,76.4,85.0,84.0,17.4,122.0,46.2,10.7,29.0,64.4,8.01,7.18,8.34,71.1,41.3,70.9,71.2,24.8,7.15,45.2,47.6,70.4,40.1,6.35,19.2,10.3,15.8,100.0,6.41,14.1,6.38,6.68,49.0,16.6,16.1,15.7
ref_fwd_receiver,54.0,89.9,75.1,82.8,83.8,96.9,83.4,76.1,84.8,83.9,17.3,121.0,46.1,10.7,29.0,64.2,7.96,7.14,8.31,70.9,41.1,70.6,71.0,24.6,7.12,45.0,47.5,70.2,40.0,6.34,19.2,10.2,15.8,99.9,6.38,14.1,6.36,6.65,48.8,16.5,16.1,15.6
ref_fwd_sender,131.0,70.9,76.0,119.0,75.5,75.6,77.0,75.4,76.6,77.0,76.3,23.2,25.7,11.0,66.1,55.6,43.8,7.73,21.3,14.5,7.68,7.14,46.4,24.6,5.88,21.9,15.3,50.5,21.8,11.2,65.5,45.1,12.4,34.4,5.95,66.0,5.88,66.1,23.4,34.9,65.9,65.9
ref_fwd_receiver,130.0,70.7,75.8,118.0,75.3,75.4,76.8,75.2,76.4,76.8,76.1,23.1,25.6,11.0,65.9,55.5,43.6,7.69,21.2,14.5,7.65,7.11,46.2,24.5,5.86,21.8,15.2,50.3,21.7,11.1,65.2,44.9,12.4,34.3,5.92,65.7,5.87,65.8,23.4,34.9,65.7,65.7
ref_fwd_sender,90.8,70.3,80.5,77.5,122.0,77.6,77.6,83.4,85.3,78.4,76.2,33.5,10.5,11.8,12.5,29.0,15.6,36.8,17.9,53.9,12.3,30.9,21.6,5.65,4.93,19.8,38.2,55.9,146.0,4.96,12.0,10.3,55.0,16.4,4.98,12.4,4.94,55.0,27.0,56.0,144.0,25.8
ref_fwd_receiver,90.5,70.0,80.2,77.2,122.0,77.2,77.4,83.2,85.0,78.2,76.0,33.3,10.5,11.7,12.5,28.9,15.6,36.7,17.9,53.8,12.3,30.8,21.5,5.63,4.91,19.7,38.0,55.6,145.0,4.95,12.0,10.2,54.7,16.3,4.97,12.3,4.92,54.7,26.9,55.7,143.0,25.7
ref_fwd_sender,77.5,73.5,77.0,141.0,74.2,77.1,77.6,78.6,109.0,82.2,76.6,7.62,14.2,17.5,18.2,15.0,29.9,34.0,7.96,57.3,5.73,22.6,6.45,51.5,6.79,31.2,16.0,15.0,57.2,6.24,45.6,32.5,12.6,57.3,7.54,28.5,5.13,57.0,36.1,57.0,50.4,150.0
ref_fwd_receiver,77.3,73.4,76.8,140.0,74.0,76.9,77.4,78.3,108.0,82.0,76.3,7.61,14.2,17.4,18.1,15.0,29.7,33.8,7.91,57.1,5.7,22.5,6.43,51.3,6.75,31.1,16.0,15.0,56.9,6.21,45.3,32.3,12.6,57.0,7.5,28.4,5.12,56.8,35.9,56.8,50.3,149.0
ref_fwd_sender,82.6,75.4,81.2,81.7,81.4,83.0,80.5,81.2,47.8,136.0,74.4,48.6,8.24,8.31,26.9,9.14,18.8,24.2,13.0,8.5,24.6,7.8,14.0,18.8,5.35,59.0,5.72,8.92,59.4,5.39,59.1,59.3,119.0,54.0,5.35,55.9,5.31,55.9,59.8,59.5,52.8,39.5
ref_fwd_receiver,82.4,75.2,81.0,81.5,81.2,82.8,80.4,81.1,47.7,135.0,74.2,48.5,8.2,8.27,26.8,9.1,18.7,24.1,13.0,8.44,24.5,7.74,14.0,18.7,5.33,58.8,5.69,8.89,59.3,5.38,59.0,58.9,119.0,53.9,5.34,55.8,5.29,55.7,59.6,59.2,52.6,39.3
ref_fwd_sender,80.4,44.7,60.9,80.9,80.9,81.3,81.6,146.0,81.0,86.3,79.7,47.5,68.9,13.2,72.4,51.8,69.4,48.5,7.81,26.3,71.9,8.16,20.6,9.11,6.4,10.2,12.4,10.5,68.8,6.43,21.5,53.1,63.1,42.1,6.4,23.6,6.39,7.33,26.8,14.6,70.0,29.3
ref_fwd_receiver,80.2,44.6,60.9,80.8,80.7,81.2,81.4,146.0,80.8,86.0,79.5,47.4,68.6,13.2,72.1,51.6,69.3,48.4,7.77,26.3,71.7,8.12,20.5,9.08,6.39,10.1,12.4,10.4,68.7,6.4,21.4,52.8,62.8,42.0,6.38,23.6,6.37,7.3,26.8,14.5,69.9,29.2
ref_fwd_sender,66.8,29.5,102.0,205.0,74.3,73.2,59.9,69.6,69.7,73.7,56.2,70.9,22.9,24.9,39.0,22.0,42.6,20.4,62.0,7.03,9.0,29.3,12.0,27.1,6.08,7.22,8.82,6.59,7.07,6.03,51.5,12.4,27.3,22.7,6.0,19.6,6.04,157.0,8.87,32.8,170.0,66.8
ref_fwd_receiver,66.7,29.4,101.0,204.0,74.2,73.0,59.7,69.4,69.5,73.6,56.0,70.8,22.8,24.9,38.9,22.0,42.4,20.3,61.8,6.99,8.96,29.1,12.0,27.0,6.06,7.19,8.77,6.56,7.04,6.0,51.2,12.3,27.2,22.6,5.98,19.6,6.02,157.0,8.8,32.7,170.0,66.6
ref_fwd_sender,72.9,11.0,134.0,93.4,94.4,80.1,60.9,78.3,79.7,80.2,102.0,65.9,60.0,17.5,9.43,37.6,32.0,5.5,6.14,58.6,5.94,50.4,6.83,25.1,6.17,26.3,6.51,9.71,8.69,5.33,59.4,234.0,46.9,29.4,5.3,6.18,5.33,59.4,10.7,20.9,59.0,34.6
ref_fwd_receiver,72.7,11.0,134.0,93.2,94.2,80.0,60.8,78.1,79.5,80.0,101.0,65.6,59.7,17.5,9.39,37.5,31.9,5.47,6.1,58.3,5.9,50.1,6.8,25.0,6.13,26.2,6.47,9.68,8.65,5.32,59.2,233.0,46.8,29.2,5.29,6.14,5.31,59.1,10.6,20.8,58.8,34.4
ref_fwd_sender,58.6,134.0,79.7,78.5,78.9,78.9,75.5,76.9,79.0,77.9,54.3,79.1,66.9,62.7,73.0,40.4,42.7,75.6,7.95,7.92,6.66,60.9,35.6,49.9,7.36,69.9,8.55,7.58,8.24,6.6,27.4,60.6,35.3,11.4,24.6,7.84,6.55,32.3,31.9,19.6,40.3,7.1
ref_fwd_receiver,58.5,134.0,79.6,78.4,78.7,78.6,75.4,76.7,78.7,77.7,54.1,78.7,66.7,62.6,72.6,40.3,42.5,75.3,7.92,7.89,6.64,60.7,35.5,49.8,7.34,69.6,8.51,7.55,8.21,6.58,27.3,60.4,35.3,11.4,24.5,7.8,6.53,32.2,31.9,19.5,40.2,7.07
ref_fwd_sender,84.4,8.36,83.4,117.0,84.7,81.2,85.3,85.1,87.1,85.0,64.8,82.4,17.6,40.9,36.6,72.5,53.0,7.27,32.2,21.8,6.43,8.93,18.2,6.72,6.42,24.5,9.09,18.7,71.3,6.63,40.8,9.49,12.9,8.21,6.41,296.0,6.41,51.4,17.1,19.7,6.43,6.83
ref_fwd_receiver,84.2,8.33,83.2,116.0,84.5,81.0,85.1,84.9,86.9,84.9,64.6,82.3,17.5,40.8,36.5,72.3,52.9,7.25,32.1,21.6,6.42,8.91,18.1,6.69,6.41,24.4,9.05,18.6,71.0,6.6,40.8,9.44,12.8,8.17,6.39,294.0,6.4,51.3,17.1,19.7,6.41,6.79
ref_fwd_sender,60.7,35.9,115.0,70.9,74.1,75.2,68.6,69.4,74.1,182.0,53.6,71.5,25.6,60.0,15.2,11.6,20.5,19.1,32.2,52.2,5.78,17.4,11.1,55.4,5.69,168.0,7.04,7.3,15.1,5.73,50.0,28.3,25.5,8.97,5.7,5.75,5.67,32.5,18.2,161.0,5.71,63.3
ref_fwd_receiver,60.6,35.8,115.0,70.6,73.8,74.8,68.4,69.2,73.9,182.0,53.5,71.3,25.5,59.8,15.2,11.5,20.4,19.1,32.1,52.1,5.76,17.3,11.1,55.1,5.68,167.0,7.02,7.27,15.1,5.72,49.9,28.2,25.4,8.93,5.68,5.72,5.66,32.4,18.2,161.0,5.69,63.0
ref_fwd_sender,79.3,89.0,78.4,65.2,79.4,79.1,104.0,134.0,78.6,74.1,77.9,11.6,12.9,59.3,71.4,72.1,46.2,58.2,67.3,6.39,9.76,60.6,10.4,67.1,15.8,7.0,72.0,29.2,45.6,6.39,31.2,6.75,48.7,6.43,6.39,58.7,7.07,28.2,9.61,7.38,6.41,8.21
ref_fwd_receiver,79.0,88.7,78.1,65.1,79.2,78.9,104.0,133.0,78.5,74.0,77.7,11.5,12.9,59.1,71.1,71.9,45.9,57.9,67.0,6.36,9.71,60.4,10.3,66.8,15.7,6.97,71.8,29.0,45.4,6.37,31.0,6.73,48.6,6.41,6.37,58.5,7.04,28.1,9.57,7.35,6.39,8.18
ref_fwd_sender,81.2,76.1,74.2,74.8,74.1,75.2,68.5,93.7,76.8,114.0,11.8,130.0,39.6,8.96,69.6,45.0,17.3,6.76,32.6,26.1,66.7,6.9,15.1,6.36,6.15,7.61,45.5,25.5,38.2,7.28,34.0,51.4,8.57,6.2,6.22,17.1,6.07,7.68,169.0,7.81,19.7,137.0
ref_fwd_receiver,81.0,75.9,74.0,74.6,73.8,75.0,68.4,93.4,76.7,113.0,11.8,129.0,39.3,8.92,69.4,44.8,17.2,6.72,32.5,26.0,66.5,6.86,15.1,6.33,6.13,7.57,45.4,25.4,38.1,7.26,33.9,51.3,8.53,6.18,6.2,17.0,6.06,7.64,169.0,7.79,19.6,137.0
ref_fwd_sender,74.6,52.0,127.0,75.2,63.7,75.3,62.5,63.1,75.7,74.1,112.0,94.9,119.0,15.4,60.5,20.2,15.5,43.8,119.0,6.76,5.33,15.6,52.5,11.2,5.36,6.52,6.17,19.9,23.7,5.37,17.1,5.34,11.2,6.44,7.46,5.72,5.34,225.0,17.0,28.1,5.31,59.4
ref_fwd_receiver,74.3,51.9,127.0,75.0,63.6,75.1,62.3,63.0,75.5,73.9,112.0,94.6,118.0,15.4,60.3,20.1,15.5,43.5,118.0,6.73,5.31,15.5,52.3,11.1,5.35,6.47,6.15,19.8,23.6,5.35,17.0,5.33,11.2,6.4,7.43,5.68,5.32,224.0,17.0,27.9,5.29,59.2
ref_fwd_sender,74.1,45.2,32.8,77.5,78.6,64.0,67.1,79.3,78.9,192.0,77.3,85.4,12.3,15.8,55.4,6.43,27.7,27.4,12.3,12.3,4.97,7.51,6.16,5.51,7.78,54.6,6.69,6.43,40.9,4.87,42.8,4.93,79.0,4.92,4.91,54.8,4.95,52.5,163.0,162.0,4.9,54.3
ref_fwd_receiver,73.9,45.1,32.7,77.3,78.4,63.9,66.8,79.0,78.7,191.0,77.1,85.0,12.3,15.7,55.2,6.4,27.6,27.3,12.3,12.2,4.96,7.46,6.13,5.48,7.74,54.3,6.67,6.4,40.7,4.86,42.6,4.91,78.5,4.91,4.9,54.6,4.92,52.3,162.0,162.0,4.89,54.1
ref_fwd_sender,84.1,77.0,83.1,83.4,77.8,82.3,83.5,84.0,84.2,82.3,83.0,46.6,10.3,37.4,64.8,19.5,22.5,11.9,44.8,36.6,6.62,27.0,7.42,45.5,5.71,62.6,13.2,49.1,6.54,5.74,64.1,5.73,51.4,5.74,6.22,60.7,6.2,63.5,63.6,126.0,5.7,13.4
ref_fwd_receiver,84.0,76.9,82.9,83.2,77.6,82.1,83.4,83.9,83.9,82.1,82.8,46.4,10.2,37.2,64.5,19.5,22.4,11.9,44.7,36.4,6.59,26.9,7.39,45.2,5.69,62.5,13.1,48.7,6.49,5.72,63.8,5.71,51.3,5.72,6.19,60.5,6.18,63.1,63.4,126.0,5.69,13.3
ref_fwd_sender,73.8,67.1,76.0,77.2,49.8,114.0,118.0,75.5,75.3,74.5,74.0,76.4,6.18,24.0,8.86,34.1,54.3,49.0,8.93,10.1,11.8,50.3,62.2,11.7,5.87,13.3,54.5,6.22,35.6,5.9,58.1,5.84,33.3,16.2,5.86,65.2,11.9,178.0,6.97,77.7,6.52,28.2
ref_fwd_receiver,73.5,66.9,75.8,76.9,49.7,114.0,117.0,75.4,75.2,74.2,73.8,76.1,6.15,23.9,8.83,34.0,54.1,48.9,8.89,10.1,11.7,50.1,61.9,11.6,5.86,13.2,54.3,6.19,35.5,5.88,57.9,5.82,33.2,16.1,5.84,64.8,11.7,178.0,6.93,77.4,6.49,28.1
ref_fwd_sender,80.0,80.5,70.9,81.1,79.2,79.6,80.9,133.0,81.7,95.3,9.34,79.9,9.87,63.2,70.3,6.99,69.2,28.6,29.1,24.1,6.27,65.9,13.4,47.7,6.19,6.8,47.6,6.93,21.9,6.24,7.15,6.18,8.52,6.32,54.1,28.9,29.9,52.9,140.0,22.2,6.22,52.1
ref_fwd_receiver,79.9,80.3,70.8,80.9,79.0,79.4,80.7,133.0,81.5,94.9,9.31,79.7,9.83,63.0,70.2,6.97,69.0,28.5,29.0,24.0,6.26,65.6,13.4,47.5,6.17,6.78,47.4,6.91,21.8,6.23,7.1,6.17,8.48,6.3,54.0,28.9,29.8,52.8,139.0,22.1,6.19,51.9
ref_fwd_sender,115.0,72.7,77.6,77.1,70.4,87.0,69.6,77.6,78.7,76.1,76.8,71.8,7.78,4.98,47.5,29.7,54.0,19.1,26.5,5.67,4.8,5.44,4.82,5.59,4.7,9.86,105.0,30.8,7.04,4.71,64.0,4.73,52.6,4.76,4.73,31.1,4.7,33.0,73.7,84.6,4.7,208.0
ref_fwd_receiver,114.0,72.5,77.4,76.9,70.2,86.6,69.4,77.5,78.5,75.9,76.6,71.6,7.74,4.96,47.2,29.6,53.6,19.1,26.3,5.65,4.78,5.4,4.78,5.56,4.68,9.79,105.0,30.6,7.01,4.69,63.7,4.7,52.3,4.74,4.7,31.0,4.68,32.8,73.4,84.2,4.69,207.0
ref_fwd_sender,63.6,7.95,78.0,74.6,77.6,86.3,74.7,146.0,76.8,127.0,60.9,77.0,115.0,134.0,58.8,5.36,5.39,14.4,7.23,20.9,5.58,5.73,8.59,6.81,6.88,57.4,8.52,7.64,10.9,5.19,49.2,5.16,56.7,5.18,6.0,57.0,5.15,114.0,57.0,56.5,5.17,42.6
ref_fwd_receiver,63.4,7.93,77.8,74.4,77.2,85.9,74.4,146.0,76.6,127.0,60.6,76.8,115.0,133.0,58.6,5.32,5.36,14.4,7.2,20.8,5.54,5.7,8.54,6.77,6.85,57.2,8.49,7.61,10.8,5.17,49.0,5.14,56.5,5.17,5.97,56.8,5.14,114.0,56.8,56.2,5.15,42.5
ref_fwd_sender,78.3,77.0,78.6,78.9,111.0,65.4,77.5,78.5,78.4,93.0,62.2,72.1,7.98,9.4,60.6,12.7,13.7,58.9,16.8,6.18,5.44,16.9,8.48,6.43,5.35,37.8,60.0,6.22,32.8,5.34,59.6,5.35,59.3,5.37,5.71,5.34,5.35,160.0,119.0,119.0,5.33,27.3
ref_fwd_receiver,78.1,76.8,78.4,78.7,111.0,65.2,77.2,78.2,78.3,92.7,62.0,71.9,7.94,9.37,60.4,12.6,13.6,58.6,16.7,6.14,5.43,16.8,8.42,6.4,5.34,37.6,59.6,6.18,32.6,5.32,59.2,5.33,59.1,5.35,5.68,5.32,5.33,159.0,118.0,118.0,5.31,27.2
ref_fwd_sender,67.2,78.2,68.1,75.9,69.4,75.7,99.6,77.1,77.7,77.0,76.0,109.0,50.1,14.2,40.0,51.3,11.5,51.7,21.0,12.0,4.65,22.1,43.1,11.5,4.59,50.8,6.39,5.21,18.5,4.61,32.0,4.62,6.25,4.65,4.62,4.62,4.58,17.8,103.0,206.0,4.63,133.0
ref_fwd_receiver,67.0,77.9,68.0,75.7,69.3,75.4,99.1,76.8,77.4,76.9,75.8,109.0,49.8,14.1,39.8,51.2,11.5,51.4,20.9,11.9,4.63,22.0,42.9,11.4,4.57,50.5,6.34,5.18,18.4,4.6,31.8,4.6,6.21,4.64,4.6,4.6,4.56,17.7,102.0,205.0,4.62,132.0
ref_fwd_sender,82.7,86.4,72.5,82.9,82.6,79.1,83.4,75.7,81.0,70.6,71.9,81.1,6.24,38.7,70.5,25.8,14.8,41.9,16.5,24.1,55.8,7.28,50.9,47.0,6.17,34.3,8.75,17.3,24.4,6.23,6.96,6.15,35.2,6.2,6.18,54.8,6.33,31.5,186.0,40.6,23.1,46.3
ref_fwd_receiver,82.5,86.1,72.3,82.8,82.4,78.9,83.2,75.5,80.9,70.5,71.8,81.0,6.22,38.6,70.3,25.7,14.7,41.7,16.5,24.0,55.5,7.26,50.6,46.7,6.16,34.2,8.72,17.2,24.3,6.22,6.92,6.14,35.0,6.19,6.16,54.5,6.32,31.3,186.0,40.5,22.8,46.1
