ref_nifwd_sender,68.5,75.0,76.7,72.3,78.9,69.7,78.6,78.5,78.5,77.3,78.9,118.0,16.1,20.3,23.2,54.8,26.5,17.3,312.0,21.3,20.7,5.54,54.4,23.0,6.82,7.26,9.01,23.4,9.16,5.21,15.4,54.8,110.0,21.1,19.7,13.1,5.82,5.88,15.7,13.5,10.4,9.15
ref_nifwd_receiver,68.4,74.8,76.6,72.1,78.7,69.5,78.4,78.3,78.3,77.1,78.7,118.0,16.0,20.2,23.2,54.7,26.4,17.2,311.0,21.2,20.6,5.51,54.2,22.9,6.8,7.23,8.96,23.3,9.12,5.18,15.3,54.6,109.0,21.0,19.6,13.0,5.79,5.85,15.6,13.4,10.3,9.1
ref_nifwd_sender,79.6,37.9,79.9,83.1,102.0,81.5,77.7,79.2,83.1,83.2,82.8,82.7,31.6,36.6,69.4,22.7,33.5,27.3,35.7,15.3,29.1,40.8,15.7,9.05,188.0,10.6,15.2,26.2,28.3,12.8,10.5,21.4,27.8,24.8,13.7,20.2,22.7,68.5,6.16,11.1,6.41,68.1
ref_nifwd_receiver,79.5,37.8,79.6,82.9,102.0,81.3,77.4,79.0,82.9,82.9,82.6,82.6,31.5,36.5,69.2,22.6,33.4,27.2,35.6,15.2,29.1,40.7,15.7,9.01,187.0,10.5,15.1,26.1,28.2,12.8,10.5,21.3,27.7,24.7,13.6,20.2,22.6,68.1,6.14,11.1,6.38,67.9
ref_nifwd_sender,78.3,76.9,71.8,74.8,78.4,59.2,77.9,68.8,77.2,77.3,109.0,101.0,6.94,4.45,5.1,29.6,10.8,28.4,28.3,15.2,4.43,4.49,5.07,47.3,46.2,51.8,48.0,12.6,4.53,27.5,47.9,47.4,68.1,47.5,47.8,19.2,39.7,44.0,4.34,41.1,65.6,99.1
ref_nifwd_receiver,78.1,76.5,71.6,74.5,78.0,59.0,77.7,68.7,77.0,77.2,109.0,101.0,6.89,4.43,5.06,29.4,10.7,28.2,28.2,15.1,4.4,4.45,5.03,47.1,45.9,51.4,47.7,12.5,4.5,27.4,47.6,47.3,67.6,47.4,47.5,19.1,39.5,43.7,4.32,41.0,65.1,98.5
ref_nifwd_sender,119.0,50.8,87.0,74.4,74.1,80.5,74.7,72.9,75.8,129.0,38.4,74.7,14.3,15.4,6.44,8.38,27.8,19.8,5.0,33.0,5.02,8.34,55.1,5.0,59.7,28.0,15.3,5.03,54.9,84.1,38.8,36.1,20.0,54.8,53.4,26.0,34.3,77.4,6.25,53.9,54.9,44.3
ref_nifwd_receiver,119.0,50.7,86.6,74.2,73.9,80.1,74.6,72.6,75.4,128.0,38.3,74.4,14.2,15.4,6.4,8.34,27.7,19.7,4.97,32.8,4.99,8.31,54.8,4.98,59.4,27.9,15.2,5.0,54.6,83.7,38.7,36.0,19.9,54.6,53.2,26.0,34.2,77.0,6.22,53.7,54.7,44.2
ref_nifwd_sender,76.5,75.5,75.3,94.5,72.4,72.9,95.6,127.0,61.3,76.3,50.5,73.8,60.8,22.6,9.09,15.4,5.43,5.81,9.74,35.6,7.91,5.37,5.63,5.6,51.6,59.8,5.77,8.19,117.0,58.8,9.8,5.28,59.3,58.9,149.0,41.2,23.4,22.5,20.6,25.2,20.7,20.8
ref_nifwd_receiver,76.3,75.2,75.0,94.2,72.2,72.8,95.1,127.0,61.1,76.1,50.3,73.5,60.6,22.5,9.05,15.4,5.4,5.79,9.71,35.5,7.88,5.35,5.58,5.57,51.4,59.5,5.74,8.16,117.0,58.6,9.76,5.26,59.0,58.6,148.0,41.0,23.3,22.4,20.6,25.1,20.6,20.8
ref_nifwd_sender,80.0,99.8,66.3,80.3,77.3,79.8,78.3,68.8,81.8,79.9,80.8,80.3,14.6,7.48,14.9,5.55,14.0,12.4,57.3,118.0,37.6,9.51,5.48,56.3,12.5,36.0,54.6,22.9,57.0,5.18,56.7,30.7,57.2,56.4,17.4,7.89,21.1,53.6,6.78,32.1,38.8,33.6
ref_nifwd_receiver,79.9,99.3,66.1,80.2,77.0,79.5,78.1,68.6,81.6,79.7,80.6,80.1,14.6,7.44,14.8,5.52,13.9,12.4,57.0,117.0,37.4,9.46,5.44,56.1,12.5,35.9,54.4,22.8,56.7,5.15,56.4,30.6,56.9,56.3,17.3,7.85,21.0,53.5,6.76,32.0,38.7,33.4
ref_nifwd_sender,74.7,78.1,90.8,80.3,59.6,58.6,75.1,133.0,78.7,79.1,66.9,76.1,52.0,10.4,4.8,22.4,8.35,24.6,14.7,22.4,6.52,25.0,7.84,11.7,14.6,17.4,117.0,23.4,51.0,58.5,24.1,28.5,51.4,84.8,21.5,51.6,34.2,18.9,4.67,12.8,75.7,51.6
ref_nifwd_receiver,74.5,77.8,90.6,80.0,59.4,58.3,74.9,133.0,78.5,78.8,66.8,75.8,51.8,10.4,4.76,22.3,8.31,24.5,14.6,22.3,6.46,24.9,7.78,11.6,14.6,17.3,116.0,23.3,50.8,58.1,24.0,28.4,51.2,84.5,21.4,51.3,34.0,18.8,4.65,12.7,75.2,51.2
ref_nifwd_sender,174.0,74.1,75.9,73.9,72.5,65.5,73.5,75.2,57.8,70.1,65.3,73.1,41.4,22.9,15.3,61.1,136.0,53.6,51.7,9.25,34.4,36.6,27.9,6.81,10.2,20.8,6.21,38.1,13.4,15.5,6.44,8.9,6.06,59.9,6.24,60.9,47.9,54.8,6.03,8.8,66.2,11.9
ref_nifwd_receiver,173.0,74.0,75.7,73.8,72.3,65.3,73.2,74.9,57.7,69.8,65.2,72.8,41.3,22.8,15.2,60.9,135.0,53.4,51.6,9.21,34.2,36.3,27.8,6.78,10.1,20.8,6.18,38.0,13.3,15.5,6.41,8.87,6.04,59.6,6.21,60.6,47.8,54.6,6.01,8.76,66.0,11.8
ref_nifwd_sender,46.6,77.3,78.4,75.2,79.2,85.6,153.0,68.8,67.8,84.4,56.6,76.9,11.4,25.1,54.5,14.3,16.8,54.9,15.9,27.4,24.9,5.42,7.35,5.02,19.3,32.4,6.75,8.07,28.2,15.0,22.0,219.0,4.94,9.61,5.39,14.0,54.4,108.0,4.96,55.0,24.2,54.6
ref_nifwd_receiver,46.5,77.1,78.1,75.0,78.9,85.1,153.0,68.6,67.5,84.1,56.3,76.6,11.4,25.0,54.3,14.2,16.7,54.7,15.8,27.2,24.8,5.4,7.31,5.0,19.1,32.3,6.71,8.03,28.0,14.9,21.9,218.0,4.92,9.56,5.35,14.0,54.1,108.0,4.93,54.8,24.1,54.3
ref_nifwd_sender,77.3,110.0,76.1,82.5,81.0,78.8,80.8,81.8,74.1,82.0,45.8,80.9,19.1,22.0,71.2,9.2,61.4,20.8,69.9,19.8,97.4,65.1,9.27,15.9,6.63,9.76,52.3,25.6,38.4,17.3,8.71,62.8,6.32,28.5,16.8,11.8,17.1,7.55,6.56,69.7,7.35,71.9
ref_nifwd_receiver,77.1,109.0,76.0,82.4,80.9,78.5,80.7,81.7,73.9,81.8,45.7,80.7,19.0,22.0,70.9,9.14,61.1,20.7,69.8,19.8,96.9,64.8,9.23,15.9,6.6,9.73,52.0,25.5,38.1,17.3,8.68,62.6,6.31,28.4,16.7,11.7,17.1,7.52,6.54,69.5,7.32,71.6
ref_nifwd_sender,77.2,79.1,79.1,34.6,81.3,78.5,76.2,75.7,68.3,147.0,79.0,76.1,16.8,70.0,52.5,10.9,10.1,15.4,69.8,6.41,68.9,7.24,15.2,16.4,10.5,64.2,35.8,14.7,24.1,24.6,31.6,19.6,6.27,27.5,20.8,13.3,45.5,69.1,6.24,138.0,6.62,29.6
ref_nifwd_receiver,77.0,78.8,78.9,34.5,81.1,78.3,76.1,75.5,68.1,146.0,78.8,76.0,16.8,69.7,52.3,10.9,10.1,15.4,69.5,6.39,68.7,7.22,15.2,16.4,10.5,63.9,35.7,14.7,24.0,24.6,31.5,19.6,6.26,27.4,20.7,13.3,45.3,68.8,6.23,137.0,6.59,29.5
ref_nifwd_sender,70.4,79.7,82.7,83.0,79.9,89.6,75.3,79.2,62.4,82.7,81.9,82.4,7.09,58.5,9.1,30.5,46.6,5.97,23.9,7.24,12.5,5.44,6.6,16.1,6.42,6.22,6.26,5.94,10.0,21.1,209.0,7.5,5.27,6.41,16.1,11.0,117.0,5.79,5.26,14.0,246.0,15.7
ref_nifwd_receiver,70.2,79.5,82.5,82.8,79.6,89.3,75.1,79.0,62.2,82.5,81.7,82.2,7.05,58.2,9.06,30.3,46.4,5.94,23.8,7.2,12.4,5.4,6.55,16.1,6.38,6.16,6.21,5.91,9.95,21.0,208.0,7.46,5.25,6.37,16.0,10.9,116.0,5.76,5.25,14.0,245.0,15.7
ref_nifwd_sender,134.0,68.8,77.8,77.5,47.7,74.1,80.3,77.1,76.0,76.6,75.9,86.6,29.7,11.4,34.2,33.7,21.2,19.3,21.2,63.1,6.29,23.9,6.47,31.8,29.8,20.8,14.2,8.67,8.48,19.1,42.8,39.4,5.75,63.7,127.0,29.0,19.9,25.1,5.74,32.5,126.0,30.1
ref_nifwd_receiver,134.0,68.7,77.6,77.3,47.6,74.0,80.0,76.8,75.5,76.4,75.7,86.3,29.6,11.4,34.0,33.6,21.1,19.2,21.0,62.9,6.27,23.8,6.44,31.7,29.7,20.7,14.1,8.64,8.44,19.0,42.6,39.3,5.73,63.4,126.0,28.9,19.8,25.0,5.73,32.3,125.0,30.0
ref_nifwd_sender,79.8,65.5,76.4,76.1,117.0,63.2,105.0,76.8,74.8,76.5,75.5,66.8,7.1,23.9,7.57,31.5,13.2,23.9,6.55,22.6,4.7,5.81,5.27,7.55,31.1,102.0,6.01,32.0,51.3,22.7,44.9,42.3,4.61,31.5,10.3,51.1,50.9,50.7,4.97,41.7,24.7,190.0
ref_nifwd_receiver,79.4,65.2,76.2,75.8,116.0,63.0,104.0,76.5,74.5,76.1,75.3,66.5,7.06,23.7,7.52,31.3,13.1,23.8,6.52,22.5,4.69,5.77,5.24,7.49,31.0,101.0,5.98,31.8,51.0,22.6,44.7,42.1,4.6,31.3,10.2,50.9,50.6,50.5,4.93,41.6,24.6,189.0
ref_nifwd_sender,66.3,62.7,77.9,76.3,76.7,76.9,59.2,75.6,54.0,77.3,129.0,121.0,14.2,7.93,25.6,4.71,6.23,4.77,45.8,45.7,18.6,4.3,17.7,6.36,59.5,25.2,8.35,4.25,22.9,4.23,28.0,47.9,4.15,6.18,35.7,150.0,45.9,91.7,4.15,91.2,45.5,76.1
ref_nifwd_receiver,66.1,62.5,77.7,76.0,76.4,76.7,59.1,75.4,53.9,77.2,128.0,120.0,14.2,7.89,25.5,4.67,6.18,4.73,45.6,45.5,18.5,4.26,17.6,6.33,59.1,25.1,8.27,4.23,22.8,4.2,27.8,47.6,4.14,6.14,35.6,149.0,45.7,91.4,4.14,90.8,45.4,75.7
ref_nifwd_sender,74.0,69.3,130.0,75.6,75.2,62.2,73.9,64.3,75.8,76.1,74.2,100.0,39.2,56.0,5.19,8.34,6.37,5.14,27.2,6.54,56.7,48.8,12.9,6.27,9.37,35.4,5.92,7.03,56.3,6.54,144.0,47.1,5.06,49.4,55.2,9.45,29.9,13.3,5.07,6.66,170.0,14.4
ref_nifwd_receiver,73.8,69.1,130.0,75.4,74.9,62.0,73.7,64.1,75.6,75.9,74.1,100.0,39.0,55.9,5.17,8.31,6.33,5.11,27.1,6.51,56.5,48.7,12.9,6.24,9.32,35.3,5.89,7.0,56.1,6.5,143.0,46.9,5.05,49.1,55.0,9.4,29.8,13.2,5.05,6.63,170.0,14.3
ref_nifwd_sender,61.8,7.9,85.8,84.1,83.9,84.3,83.7,119.0,83.9,84.1,85.1,86.3,9.56,7.84,60.8,26.5,7.57,19.6,8.36,16.2,26.4,54.3,25.2,30.4,20.7,28.5,6.46,15.7,25.6,7.06,31.3,37.9,5.29,9.47,9.08,11.3,119.0,228.0,5.28,13.7,59.0,22.9
ref_nifwd_receiver,61.7,7.89,85.6,83.9,83.7,84.0,83.5,118.0,83.7,83.9,84.9,86.1,9.52,7.81,60.6,26.3,7.52,19.5,8.31,16.1,26.3,54.1,25.1,30.3,20.6,28.4,6.42,15.7,25.5,7.03,31.2,37.8,5.28,9.42,9.02,11.3,119.0,227.0,5.27,13.7,58.7,22.8
ref_nifwd_sender,70.3,75.1,79.4,72.2,107.0,78.9,77.6,78.1,77.9,78.2,78.5,78.0,4.9,21.4,15.5,5.0,37.3,8.46,10.1,158.0,7.16,4.88,53.1,9.15,38.3,52.9,17.4,5.6,36.3,52.8,52.9,7.73,4.79,39.1,37.6,108.0,52.6,8.88,7.57,18.6,52.7,21.7
ref_nifwd_receiver,70.1,74.9,79.1,72.1,107.0,78.7,77.3,78.0,77.7,78.0,78.1,77.8,4.87,21.3,15.4,4.97,37.2,8.43,10.1,158.0,7.13,4.86,52.9,9.1,38.1,52.7,17.4,5.57,36.1,52.6,52.7,7.69,4.77,38.9,37.4,107.0,52.4,8.83,7.53,18.5,52.5,21.6
ref_nifwd_sender,78.0,8.48,79.1,78.8,78.4,120.0,22.1,171.0,79.1,79.9,78.5,78.2,9.44,45.5,47.7,25.4,34.3,61.3,56.0,60.0,9.66,47.8,59.6,26.2,60.0,28.3,15.7,16.5,21.1,24.2,25.7,35.6,14.4,36.3,31.1,11.9,8.01,24.3,5.42,29.3,37.9,43.6
ref_nifwd_receiver,77.8,8.46,78.8,78.6,78.3,119.0,22.0,170.0,78.9,79.7,78.4,78.0,9.38,45.4,47.5,25.3,34.2,61.1,55.8,59.6,9.61,47.5,59.4,26.1,59.7,28.2,15.7,16.4,21.0,24.1,25.6,35.5,14.3,36.1,31.0,11.8,7.99,24.2,5.4,29.2,37.7,43.4
ref_nifwd_sender,78.1,84.5,91.3,87.7,88.8,80.7,36.6,72.3,85.6,72.1,86.0,85.7,30.5,8.66,62.6,25.2,74.9,18.1,72.4,69.3,53.7,38.0,46.5,6.88,7.14,7.71,25.2,60.7,8.39,6.98,36.6,40.3,6.6,7.63,36.8,7.69,34.2,27.0,11.2,63.7,16.7,33.9
ref_nifwd_receiver,78.0,84.3,91.0,87.6,88.5,80.5,36.5,72.2,85.5,72.0,85.7,85.6,30.5,8.63,62.1,25.2,74.7,18.0,72.1,69.1,53.4,37.8,46.3,6.85,7.11,7.67,25.2,60.4,8.35,6.96,36.5,40.1,6.57,7.59,36.7,7.67,34.1,27.0,11.2,63.4,16.7,33.9
ref_nifwd_sender,112.0,21.5,77.4,76.8,76.6,146.0,59.8,74.8,80.2,76.9,75.2,75.5,27.8,17.6,33.6,13.7,54.7,11.2,8.65,9.12,14.9,25.6,16.9,5.91,9.93,57.3,5.2,24.6,56.1,56.2,57.1,56.5,5.18,20.3,56.2,15.9,51.0,117.0,5.18,57.3,21.1,39.2
ref_nifwd_receiver,111.0,21.4,77.1,76.5,76.4,145.0,59.7,74.6,79.9,76.6,74.9,75.3,27.7,17.5,33.4,13.6,54.5,11.2,8.6,9.06,14.8,25.5,16.9,5.87,9.87,57.0,5.18,24.5,55.9,56.0,56.8,56.3,5.17,20.2,56.0,15.8,50.8,117.0,5.17,57.2,21.0,39.0
ref_nifwd_sender,84.3,8.2,77.1,72.9,110.0,118.0,83.3,60.7,82.4,85.0,85.2,84.5,49.2,14.7,36.9,7.31,10.1,6.03,40.3,5.79,39.6,10.9,37.4,5.82,25.0,63.2,5.75,7.19,36.1,6.53,22.6,62.6,6.16,14.7,126.0,32.8,51.3,62.7,5.71,62.7,63.0,30.4
ref_nifwd_receiver,84.1,8.18,76.9,72.8,110.0,118.0,83.1,60.5,82.2,84.8,85.0,84.3,49.1,14.6,36.8,7.28,10.1,6.0,40.1,5.76,39.4,10.9,37.2,5.8,24.9,62.9,5.73,7.15,36.0,6.49,22.5,62.3,6.13,14.6,126.0,32.7,51.2,62.5,5.7,62.5,62.8,30.3
ref_nifwd_sender,77.1,51.1,120.0,80.3,80.3,80.7,7.08,79.4,71.8,143.0,80.1,80.6,11.4,23.0,16.4,8.64,30.5,6.19,46.7,139.0,5.5,7.6,10.4,4.28,35.4,136.0,4.2,43.8,10.6,31.0,26.1,81.7,4.17,46.2,46.1,13.1,46.2,31.3,4.19,29.1,9.56,46.1
ref_nifwd_receiver,77.0,51.0,119.0,80.1,80.1,80.5,7.07,79.1,71.6,143.0,80.0,80.3,11.3,22.9,16.3,8.59,30.4,6.16,46.4,138.0,5.47,7.54,10.3,4.25,35.3,135.0,4.18,43.6,10.5,30.8,26.0,80.9,4.17,46.0,46.0,13.0,46.0,31.1,4.17,28.9,9.49,45.9
ref_nifwd_sender,125.0,74.0,77.7,76.4,76.8,77.0,33.6,76.5,69.4,76.9,112.0,75.6,9.61,5.99,8.28,54.7,53.2,7.33,31.5,4.83,6.39,8.85,4.93,19.5,85.0,15.0,4.79,15.7,5.91,6.03,4.81,245.0,4.78,5.11,44.8,27.8,18.1,42.5,4.79,17.6,53.2,132.0
ref_nifwd_receiver,124.0,73.7,77.5,76.2,76.6,76.8,33.5,76.3,69.2,76.7,112.0,75.4,9.57,5.97,8.24,54.4,52.9,7.29,31.4,4.8,6.37,8.79,4.9,19.4,84.5,14.9,4.77,15.6,5.87,6.0,4.79,243.0,4.77,5.08,44.5,27.7,18.0,42.3,4.77,17.5,53.0,132.0
ref_nifwd_sender,125.0,124.0,138.0,73.3,71.7,51.9,11.1,70.3,73.5,73.8,67.0,72.7,8.57,4.78,6.84,12.3,6.75,6.74,49.2,36.6,18.3,24.7,98.4,5.21,28.4,46.1,4.45,33.5,18.2,29.4,48.7,9.5,4.45,49.1,45.2,106.0,97.3,48.7,4.42,4.44,49.1,48.5
ref_nifwd_receiver,125.0,123.0,138.0,73.0,71.5,51.7,11.0,70.0,73.3,73.5,66.8,72.5,8.52,4.76,6.8,12.2,6.71,6.71,48.8,36.4,18.2,24.6,98.0,5.18,28.3,45.9,4.42,33.4,18.1,29.2,48.4,9.45,4.42,48.9,45.0,105.0,96.6,48.5,4.4,4.43,48.8,48.3
ref_nifwd_sender,62.1,78.9,94.3,88.1,85.2,85.1,67.4,77.5,57.7,86.5,84.2,83.5,5.43,7.73,58.5,9.16,7.66,31.0,34.4,13.6,23.1,23.4,172.0,103.0,16.6,58.0,5.19,16.6,13.7,20.5,113.0,57.3,5.2,15.8,14.8,23.0,13.6,13.7,8.73,12.8,8.15,45.4
ref_nifwd_receiver,61.9,78.6,94.1,87.8,85.0,84.9,67.3,77.3,57.6,86.3,83.9,83.4,5.4,7.69,58.4,9.12,7.64,30.9,34.3,13.5,23.0,23.3,172.0,102.0,16.5,57.6,5.18,16.5,13.6,20.5,113.0,57.0,5.18,15.8,14.7,22.9,13.6,13.6,8.69,12.7,8.11,45.3
ref_nifwd_sender,125.0,78.4,80.1,80.0,75.6,78.3,76.9,52.2,77.9,79.3,79.4,69.5,8.83,10.5,20.2,16.3,71.2,16.1,60.2,64.0,65.1,31.7,55.1,70.5,6.58,11.9,6.35,34.2,33.5,41.3,35.4,50.8,6.3,29.8,7.86,8.12,32.3,17.1,6.3,61.7,52.0,16.5
ref_nifwd_receiver,124.0,78.2,79.9,79.7,75.5,78.1,76.8,52.1,77.7,79.1,79.2,69.3,8.79,10.5,20.2,16.3,70.8,16.1,59.9,63.8,64.8,31.6,54.8,70.4,6.56,11.9,6.33,34.0,33.4,41.2,35.3,50.7,6.28,29.7,7.82,8.08,32.2,17.1,6.29,61.5,51.9,16.4
ref_nifwd_sender,79.6,49.4,79.5,79.9,79.2,78.0,8.44,75.8,185.0,79.8,77.6,77.7,36.0,27.8,28.9,64.8,10.1,70.3,53.9,15.4,19.0,37.2,6.97,15.4,42.3,6.93,6.28,14.1,7.21,69.6,59.2,11.5,50.4,23.8,16.9,6.71,6.67,69.4,6.25,6.48,15.1,139.0
ref_nifwd_receiver,79.4,49.3,79.3,79.7,79.0,77.9,8.41,75.7,185.0,79.7,77.4,77.5,35.9,27.8,28.8,64.7,10.0,70.1,53.6,15.4,18.9,37.1,6.93,15.4,42.2,6.91,6.26,14.1,7.17,69.4,59.1,11.5,50.1,23.7,16.9,6.67,6.64,69.2,6.23,6.46,15.1,138.0
ref_nifwd_sender,7.26,8.38,79.3,238.0,79.6,80.2,70.5,72.1,78.9,79.1,78.6,77.9,70.8,68.5,116.0,26.1,9.32,7.76,16.8,8.02,70.6,55.1,47.2,27.9,7.84,8.29,6.31,50.7,12.5,18.3,50.4,16.6,6.28,68.2,32.0,58.9,19.1,26.9,6.34,8.24,6.95,7.51
ref_nifwd_receiver,7.24,8.35,79.1,237.0,79.4,80.0,70.3,71.8,78.7,79.0,78.5,77.7,70.6,68.3,115.0,26.1,9.27,7.72,16.7,7.99,70.4,55.0,47.0,27.8,7.8,8.25,6.3,50.5,12.5,18.3,50.3,16.5,6.27,68.0,31.8,58.7,19.1,26.8,6.32,8.2,6.93,7.48
ref_nifwd_sender,72.1,72.1,79.6,121.0,78.4,78.6,61.9,8.78,76.9,80.3,118.0,103.0,5.1,10.8,47.4,12.4,19.5,7.95,10.4,13.6,7.68,5.76,4.86,5.9,32.1,50.5,4.59,9.0,7.25,7.76,199.0,101.0,4.58,11.7,18.8,21.3,50.6,23.5,4.57,67.0,101.0,84.5
ref_nifwd_receiver,71.9,71.8,79.2,120.0,78.3,78.4,61.7,8.73,76.7,80.1,118.0,103.0,5.07,10.7,47.2,12.3,19.4,7.91,10.4,13.5,7.65,5.72,4.82,5.87,32.0,50.2,4.57,8.94,7.21,7.72,197.0,100.0,4.56,11.6,18.7,21.3,50.2,23.4,4.55,66.4,100.0,84.1
ref_nifwd_sender,87.5,9.09,88.7,88.5,140.0,87.6,91.8,9.09,85.3,88.6,86.6,87.7,63.0,35.9,36.5,67.7,6.36,63.5,10.8,7.68,9.61,16.3,6.23,43.7,66.6,22.3,6.12,36.5,65.9,132.0,9.75,6.69,6.16,19.3,17.9,11.8,7.62,29.1,6.16,68.4,11.5,52.1
ref_nifwd_receiver,87.3,9.05,88.5,88.4,139.0,87.4,91.5,9.06,85.1,88.4,86.3,87.5,62.8,35.8,36.4,67.5,6.33,63.3,10.7,7.65,9.57,16.3,6.19,43.4,66.5,22.2,6.1,36.4,65.7,131.0,9.72,6.66,6.14,19.2,17.8,11.7,7.6,29.0,6.14,68.2,11.5,52.0
ref_nifwd_sender,6.97,69.5,75.2,75.4,76.0,74.7,172.0,6.82,68.1,179.0,74.5,73.0,5.71,36.6,21.7,27.2,5.47,26.9,8.09,9.09,5.96,6.19,14.2,12.9,38.1,115.0,5.25,14.5,57.5,29.1,57.7,56.7,5.28,7.08,115.0,18.4,136.0,57.8,5.23,17.2,23.1,6.78
ref_nifwd_receiver,6.95,69.3,74.9,75.0,75.8,74.5,171.0,6.81,67.9,179.0,74.3,72.7,5.68,36.5,21.7,27.1,5.44,26.8,8.02,9.04,5.92,6.16,14.1,12.9,38.0,115.0,5.23,14.4,57.3,29.0,57.5,56.4,5.27,7.03,115.0,18.4,135.0,57.5,5.22,17.1,23.0,6.75
ref_nifwd_sender,72.9,7.4,82.6,100.0,82.5,82.7,64.8,80.0,75.5,140.0,79.3,82.2,8.06,226.0,37.0,5.46,6.27,5.4,56.3,5.13,12.6,18.5,5.81,9.64,22.2,24.6,5.08,31.0,22.0,17.2,33.2,55.5,5.06,22.3,13.7,113.0,19.1,32.3,5.07,38.1,55.6,36.9
ref_nifwd_receiver,72.6,7.38,82.3,99.9,82.1,82.5,64.6,79.8,75.3,140.0,79.1,81.9,8.02,224.0,36.9,5.42,6.22,5.37,56.0,5.11,12.6,18.4,5.79,9.6,22.1,24.5,5.06,30.9,21.9,17.2,33.1,55.3,5.05,22.3,13.6,112.0,19.0,32.2,5.06,37.9,55.4,36.8
ref_nifwd_sender,57.1,73.2,68.2,77.0,72.9,72.7,75.3,76.1,77.1,63.8,160.0,76.6,25.6,5.29,17.1,8.83,28.8,4.69,5.61,152.0,23.2,9.24,14.5,20.1,16.6,27.2,4.61,17.0,4.66,30.9,23.1,47.2,4.6,61.5,155.0,33.3,16.7,50.1,4.58,49.2,43.7,45.7
ref_nifwd_receiver,57.0,72.9,68.0,76.8,72.8,72.6,75.1,75.8,76.9,63.7,159.0,76.3,25.5,5.26,17.0,8.77,28.6,4.66,5.58,151.0,23.1,9.2,14.5,20.1,16.5,27.1,4.59,16.9,4.63,30.7,23.0,47.0,4.57,61.1,154.0,33.1,16.6,49.9,4.57,49.0,43.6,45.6
ref_nifwd_sender,69.9,66.4,149.0,72.4,73.2,73.5,72.4,67.9,72.4,49.4,112.0,72.2,27.2,68.1,53.0,38.9,69.4,51.8,68.8,13.7,58.6,69.1,25.5,10.7,10.3,6.29,6.2,43.9,41.9,8.06,10.0,26.4,6.19,18.3,13.7,8.34,21.9,15.1,6.19,63.8,23.3,59.9
ref_nifwd_receiver,69.7,66.3,148.0,72.2,73.0,73.2,72.3,67.8,72.2,49.3,112.0,72.0,27.2,67.8,52.9,38.7,69.1,51.5,68.4,13.7,58.4,68.8,25.5,10.6,10.3,6.26,6.19,43.7,41.8,8.02,10.0,26.3,6.17,18.3,13.7,8.31,21.8,15.0,6.17,63.5,23.3,59.7
ref_nifwd_sender,10.5,7.33,71.6,81.6,102.0,144.0,80.8,63.2,112.0,114.0,80.7,80.9,17.2,33.7,17.1,15.5,56.8,29.6,8.47,6.73,119.0,22.6,24.8,21.9,33.0,6.33,6.15,19.7,31.5,6.71,22.0,10.2,6.11,6.17,37.2,14.7,68.0,134.0,6.56,67.5,66.6,28.0
ref_nifwd_receiver,10.5,7.31,71.3,81.4,102.0,144.0,80.5,62.9,112.0,114.0,80.5,80.7,17.1,33.7,17.0,15.4,56.7,29.5,8.42,6.7,118.0,22.5,24.7,21.9,32.8,6.3,6.13,19.6,31.3,6.68,21.9,10.2,6.1,6.14,37.2,14.7,67.7,134.0,6.54,67.3,66.3,27.9
ref_nifwd_sender,81.8,84.1,85.0,83.8,80.2,83.4,9.53,82.5,113.0,83.8,81.1,82.6,8.49,10.9,54.8,60.2,8.66,8.05,13.7,8.01,9.04,6.74,26.7,6.63,14.4,13.4,5.34,25.6,117.0,27.4,23.6,29.2,5.33,17.4,118.0,172.0,59.0,19.6,5.35,35.7,24.0,13.9
ref_nifwd_receiver,81.6,83.9,84.7,83.6,80.0,83.2,9.5,82.4,113.0,83.7,80.9,82.4,8.45,10.9,54.6,59.9,8.62,8.02,13.6,7.98,8.99,6.71,26.6,6.57,14.4,13.4,5.33,25.5,117.0,27.3,23.6,29.1,5.31,17.4,118.0,171.0,58.9,19.5,5.33,35.6,23.9,13.8
ref_nifwd_sender,69.3,64.9,78.8,78.4,74.8,78.1,63.1,75.5,77.5,77.5,145.0,66.5,65.0,7.35,16.4,71.4,22.4,37.9,31.2,43.5,50.7,30.5,7.09,9.23,124.0,32.6,6.34,47.1,7.22,52.4,13.8,36.3,6.35,8.46,66.3,65.8,36.1,6.98,6.37,8.08,19.4,6.97
ref_nifwd_receiver,69.2,64.7,78.6,78.2,74.7,77.9,63.0,75.3,77.3,77.4,144.0,66.3,64.8,7.32,16.3,71.2,22.4,37.8,31.2,43.4,50.6,30.4,7.05,9.18,124.0,32.5,6.33,47.0,7.2,52.3,13.7,36.1,6.34,8.41,66.0,65.6,36.1,6.95,6.35,8.04,19.3,6.94
ref_nifwd_sender,94.0,96.4,139.0,80.4,8.68,79.4,15.7,78.8,78.9,78.1,78.7,122.0,69.2,6.51,27.7,61.9,12.8,8.36,21.2,13.3,30.6,47.3,48.4,64.6,7.92,36.4,8.49,15.2,26.3,8.27,26.5,46.9,6.16,11.0,6.93,60.0,20.8,55.7,6.16,28.8,136.0,24.7
ref_nifwd_receiver,93.5,96.0,139.0,80.1,8.65,79.1,15.6,78.5,78.7,77.9,78.5,121.0,69.0,6.49,27.6,61.6,12.8,8.33,21.2,13.2,30.5,47.1,48.2,64.4,7.88,36.2,8.45,15.1,26.2,8.24,26.3,46.8,6.15,11.0,6.91,59.9,20.8,55.5,6.14,28.7,136.0,24.6
ref_nifwd_sender,12.2,76.8,79.5,77.2,78.1,77.5,70.1,73.2,77.6,78.0,112.0,140.0,5.54,9.44,10.6,5.23,35.1,32.7,7.83,10.9,5.15,32.6,22.3,27.2,56.3,56.3,5.08,46.4,17.3,14.4,112.0,21.5,5.05,56.4,55.5,44.0,12.3,123.0,5.04,22.6,55.5,37.4
ref_nifwd_receiver,12.1,76.5,79.3,77.0,77.8,77.3,69.9,73.0,77.4,77.7,112.0,139.0,5.51,9.41,10.6,5.2,35.0,32.6,7.8,10.9,5.13,32.4,22.2,27.1,56.0,56.0,5.06,46.2,17.3,14.3,112.0,21.5,5.04,56.1,55.3,43.8,12.2,123.0,5.03,22.5,55.2,37.2
ref_nifwd_sender,80.3,72.1,83.3,82.2,71.2,82.8,71.3,76.4,83.9,82.9,81.5,81.9,56.8,18.3,36.4,26.3,6.63,16.0,9.3,6.86,34.5,11.2,38.5,7.43,24.7,7.4,20.4,40.6,40.9,16.6,9.79,8.98,6.28,6.42,63.8,36.0,77.2,139.0,7.35,70.0,37.7,63.3
ref_nifwd_receiver,80.1,71.9,83.1,82.0,71.0,82.6,71.0,76.2,83.7,82.6,81.4,81.7,56.5,18.2,36.3,26.1,6.6,16.0,9.26,6.84,34.4,11.2,38.2,7.41,24.7,7.36,20.3,40.5,40.9,16.6,9.75,8.95,6.27,6.38,63.6,36.0,76.9,139.0,7.32,69.8,37.6,63.1
ref_nifwd_sender,69.9,73.1,73.4,77.3,91.4,75.3,118.0,67.5,79.1,77.3,73.7,76.9,23.2,25.9,6.15,27.3,20.4,12.3,6.42,24.7,64.7,7.66,40.4,26.1,25.9,27.1,5.89,47.8,16.5,191.0,50.6,34.4,6.15,28.6,65.3,21.7,34.3,31.8,5.9,26.6,21.9,23.8
ref_nifwd_receiver,69.7,72.9,73.3,77.2,91.0,75.1,117.0,67.4,78.9,77.1,73.5,76.7,23.1,25.6,6.12,27.2,20.4,12.3,6.4,24.6,64.6,7.63,40.2,26.0,25.8,27.0,5.88,47.7,16.4,190.0,50.5,34.4,6.13,28.5,65.1,21.6,34.2,31.7,5.89,26.5,21.8,23.7
ref_nifwd_sender,8.79,116.0,139.0,79.5,77.4,78.5,68.1,73.3,77.8,77.9,78.3,78.0,23.8,15.8,22.7,41.2,22.3,56.8,7.79,6.02,5.86,7.52,5.39,8.23,30.1,56.9,5.15,6.23,42.0,56.8,104.0,39.0,5.13,51.2,23.3,37.2,56.8,114.0,5.12,57.2,22.8,13.4
ref_nifwd_receiver,8.77,115.0,138.0,79.3,77.1,78.3,67.9,73.0,77.6,77.6,77.9,77.9,23.7,15.8,22.6,40.9,22.2,56.7,7.75,5.98,5.82,7.49,5.36,8.19,30.0,56.6,5.13,6.2,41.8,56.5,104.0,38.8,5.12,51.1,23.2,37.0,56.6,113.0,5.11,57.0,22.7,13.4
ref_nifwd_sender,75.0,75.9,77.8,78.5,62.3,64.4,73.3,7.06,77.0,210.0,74.0,75.8,7.05,41.2,26.9,8.39,27.9,24.3,33.2,11.2,29.0,70.0,69.2,39.0,26.9,57.9,6.69,70.3,45.3,7.75,13.8,33.9,6.31,59.2,11.6,63.3,7.03,67.8,6.32,13.1,28.3,33.0
ref_nifwd_receiver,74.8,75.7,77.6,78.2,62.2,64.3,73.1,7.04,76.8,209.0,73.9,75.6,7.0,41.1,26.8,8.37,27.9,24.2,33.0,11.2,28.9,69.7,69.0,38.9,26.8,57.5,6.67,70.1,45.2,7.72,13.7,33.9,6.28,59.0,11.5,63.1,7.0,67.6,6.31,13.0,28.2,32.9
ref_nifwd_sender,70.1,39.1,77.2,78.0,77.8,75.7,39.4,72.6,78.0,78.6,127.0,136.0,32.2,5.18,53.2,4.83,9.04,51.1,24.1,4.78,4.81,31.3,9.05,31.0,18.3,46.1,4.78,6.52,5.23,5.04,104.0,51.0,4.8,19.7,139.0,19.9,32.3,104.0,4.74,17.7,52.4,51.9
ref_nifwd_receiver,69.9,39.0,77.0,77.8,77.6,75.5,39.3,72.4,77.8,78.4,127.0,135.0,32.0,5.16,52.9,4.8,9.0,51.0,24.0,4.76,4.77,31.2,8.99,30.9,18.2,45.9,4.77,6.49,5.19,5.01,104.0,50.8,4.76,19.6,138.0,19.8,32.1,104.0,4.72,17.6,52.1,51.5
ref_nifwd_sender,81.2,77.8,85.6,82.9,84.2,66.0,78.6,65.2,82.3,83.2,80.8,81.0,9.94,7.72,18.9,57.7,9.96,16.0,7.04,5.56,25.1,11.4,11.0,22.4,7.47,6.37,5.07,8.11,5.55,13.2,17.1,18.6,5.07,35.4,13.3,6.37,218.0,145.0,6.92,87.7,122.0,23.7
ref_nifwd_receiver,81.0,77.5,85.4,82.7,83.9,65.9,78.5,65.1,82.1,82.9,80.6,80.8,9.91,7.67,18.8,57.6,9.91,16.0,7.0,5.53,25.0,11.3,10.9,22.3,7.44,6.34,5.07,8.07,5.53,13.2,17.1,18.5,5.06,35.3,13.2,6.33,217.0,144.0,6.89,87.2,122.0,23.6
ref_nifwd_sender,69.4,72.1,76.1,191.0,66.1,77.5,75.8,26.4,76.8,76.8,66.8,77.2,8.76,48.5,118.0,33.7,67.0,67.4,40.6,6.71,42.8,6.79,8.46,6.98,30.1,65.9,6.99,7.51,42.3,33.0,13.3,58.2,27.1,15.9,7.76,66.4,35.6,29.1,6.09,7.95,13.5,23.7
ref_nifwd_receiver,69.3,71.9,75.9,190.0,66.0,77.1,75.6,26.3,76.6,76.7,66.7,76.9,8.72,48.4,118.0,33.5,66.8,67.2,40.4,6.67,42.6,6.76,8.41,6.93,29.9,65.7,6.96,7.47,42.1,32.9,13.3,58.1,27.0,15.8,7.74,66.1,35.5,29.0,6.06,7.92,13.4,23.7
ref_nifwd_sender,79.0,45.3,53.6,142.0,78.2,130.0,80.6,39.2,79.2,79.5,77.5,68.0,35.1,39.6,48.3,62.8,22.5,18.4,27.7,9.52,47.4,6.53,27.6,44.1,7.63,55.7,6.35,8.74,69.1,6.36,14.4,65.3,6.33,6.69,16.2,28.9,41.3,24.0,11.8,65.1,69.7,53.7
ref_nifwd_receiver,78.8,45.2,53.5,142.0,78.0,130.0,80.3,39.1,79.0,79.3,77.4,67.8,34.9,39.5,48.2,62.6,22.5,18.4,27.6,9.47,47.3,6.5,27.6,43.9,7.58,55.5,6.33,8.7,68.8,6.32,14.4,65.0,6.31,6.65,16.1,28.8,41.2,23.9,11.7,64.9,69.5,53.5
ref_nifwd_sender,68.3,122.0,73.3,72.9,172.0,53.0,53.8,54.2,74.0,65.8,74.3,67.0,5.62,25.8,6.31,46.8,11.2,7.59,14.9,54.4,5.22,28.0,4.99,13.0,13.0,59.7,9.81,13.9,7.8,19.8,54.5,159.0,4.94,12.9,52.9,59.2,21.8,21.4,6.04,164.0,20.8,23.8
ref_nifwd_receiver,68.2,121.0,73.0,72.7,171.0,52.9,53.6,54.1,73.7,65.6,74.1,66.8,5.59,25.7,6.28,46.7,11.2,7.55,14.8,54.1,5.18,27.9,4.96,12.9,13.0,59.3,9.77,13.9,7.76,19.7,54.2,159.0,4.92,12.8,52.6,58.9,21.7,21.3,6.03,163.0,20.7,23.7
ref_nifwd_sender,83.4,83.1,84.5,83.1,78.6,82.5,77.2,44.1,117.0,81.5,52.4,83.0,5.4,15.9,14.6,55.6,7.86,55.5,55.6,29.5,11.0,5.3,10.7,55.4,55.2,54.7,5.0,154.0,38.4,54.6,12.6,11.7,5.1,44.3,12.5,19.7,36.2,55.1,5.0,23.7,12.4,28.5
ref_nifwd_receiver,83.2,82.9,84.3,82.9,78.4,82.3,77.0,44.0,116.0,81.4,52.3,82.8,5.37,15.8,14.5,55.4,7.83,55.3,55.4,29.3,11.0,5.27,10.6,55.2,55.0,54.5,4.98,154.0,38.3,54.4,12.5,11.6,5.07,44.1,12.4,19.6,36.0,54.9,4.98,23.6,12.3,28.4
